18.463405
23.915952
26.360424
28.169377
23.318586
21.807940
21.830353
17.279474
18.779316
19.273975
19.800171
28.501098
28.698471
20.601932
19.578028
27.026827
20.561787
19.175390
18.490298
28.822752
19.674268
28.940919
19.445769
27.531136
18.679564
27.075772
17.868440
20.429064
18.067592
22.258709
28.273201
20.242104
17.816341
24.110093
20.066711
19.648702
22.356057
28.537155
23.994734
18.616937
20.441031
28.390738
22.453243
21.615600
29.070393
19.939968
19.799815
18.835386
27.952643
17.963524
28.011732
21.513878
23.413743
22.486568
26.950966
20.805031
17.766272
28.898088
25.587454
23.312344
21.014744
25.797514
19.644475
18.026195
19.548604
19.803105
21.321969
21.437172
20.222581
28.978499
22.584439
25.434385
27.633281
19.465954
18.089834
22.292317
27.027954
19.679165
26.316615
28.651770
18.401394
28.025735
24.533842
20.697040
21.167857
27.968171
28.660119
19.504407
23.702402
17.970813
19.034761
19.373555
27.408081
21.219110
28.297283
28.854990
28.598129
17.943538
21.150140
24.742269
