0.289999
0.232917
0.136660
0.148746
0.313341
0.341458
0.658746
0.406462
0.241660
0.197067
0.580832
0.170416
0.115624
0.433126
0.242076
0.212910
0.657293
0.274367
0.417085
0.060829
0.601665
0.141670
0.221469
0.193330
0.288962
0.119171
0.344588
0.116266
0.257494
0.673334
0.102708
0.286672
0.171041
0.215832
0.238122
0.156243
0.541040
0.087068
0.092079
0.056237
0.666043
0.112910
0.014360
0.253332
0.151665
0.169990
0.256042
0.226455
0.266875
0.365630
0.148958
0.353542
0.377088
0.320209
0.096253
0.263124
0.441677
0.201255
0.725211
0.522913
0.132081
0.502082
0.229162
0.203133
0.178342
0.159788
0.174172
0.473958
0.194800
0.346875
0.509581
0.187917
0.133542
0.505833
0.223951
0.119584
0.245829
0.207074
0.145829
0.116459
0.085218
0.203747
0.542082
0.387495
0.152503
0.188751
0.102288
0.335414
0.676875
0.132909
0.337705
0.350412
0.102917
0.485833
0.067710
0.273544
0.136246
0.391877
0.723747
0.188120
