13.202034
15.888290
17.192958
18.148971
15.694868
14.939662
14.817771
12.705826
13.476087
13.699527
13.964541
18.361216
18.486465
14.319013
13.852958
17.509826
14.319095
13.610522
13.207113
18.605179
13.876177
18.656760
13.669900
17.810424
13.381955
17.523667
12.954340
14.251315
13.087144
15.071773
18.290701
14.113896
12.997358
16.097357
14.076381
13.894815
15.189033
18.426847
16.083531
13.466435
13.951216
18.287583
15.378370
14.762163
18.748071
14.043608
13.949660
13.462025
18.002612
13.008153
18.083876
14.698849
15.779954
15.291685
17.488678
14.415421
12.947338
18.630293
16.849983
15.691122
14.619571
16.885264
13.868776
13.069254
13.791555
13.899490
14.701570
14.698003
14.140781
18.697906
15.337230
16.645982
17.898271
13.773131
13.100318
15.246345
17.440477
13.877674
17.075483
18.504516
13.263757
18.058496
16.107964
14.368814
14.630587
18.043866
18.489934
13.720314
15.821023
12.984193
13.575255
13.612714
17.791090
14.581198
18.286232
18.606956
18.455261
12.965936
14.529560
16.437384
