0.026676
0.069956
0.093432
0.134404
0.184426
0.216919
0.255633
0.312544
0.359836
0.423960
0.517733
0.633925
0.720387
0.793430
0.838286
0.891784
0.922928
0.920231
0.857537
0.782301
0.680584
0.577876
0.454925
0.323624
0.199600
0.097607
0.012136
-0.059087
-0.115835
-0.151333
-0.161844
-0.152876
-0.140692
-0.128198
-0.118223
-0.108021
-0.095917
-0.089094
-0.084691
-0.068997
-0.054441
-0.037707
-0.010300
0.012916
0.045765
0.089581
0.154079
0.231329
0.310334
0.411678
0.543548
0.694913
0.823518
0.931685
0.977921
1.000000
0.974640
0.948256
0.874287
0.752506
0.600686
0.439377
0.266665
0.120303
-0.007083
-0.116160
-0.205725
-0.259646
-0.293942
-0.299466
-0.287606
-0.270125
-0.253830
-0.240459
-0.217032
-0.187026
-0.171787
-0.156581
-0.142804
-0.129303
-0.123390
-0.126200
-0.113138
-0.113025
-0.121911
-0.094991
-0.063864
-0.015434
0.057528
0.149692
0.186100
0.176433
0.170780
0.139018
0.107728
0.021575
-0.088249
-0.209478
-0.301058
-0.397316
-0.468621
-0.533524
-0.540396
-0.521307
-0.480821
-0.441928
-0.381362
-0.320358
-0.248810
-0.176953
-0.148864
-0.145452
-0.165808
-0.167514
-0.168635
-0.155573
-0.145192
-0.123260
-0.107176
-0.089419
-0.065131
-0.033240
-0.005784
0.041525
0.089598
0.163534
0.229055
0.316248
0.395984
0.419573
0.378925
0.235862
0.087079
-0.085341
-0.225562
-0.384693
-0.508310
-0.664468
-0.784543
-0.826995
-0.810537
-0.745569
-0.633080
-0.519390
-0.402482
-0.294153
-0.195311
-0.104382
-0.043036
-0.011259
-0.012347
-0.015044
-0.031924
-0.029292
-0.020178
-0.013403
0.013842
0.044791
0.082466
0.107436
0.124852
0.133787
0.155589
0.201225
0.278281
0.359138
0.429094
0.434991
0.384904
0.244878
0.098988
-0.067876
-0.240752
-0.384335
-0.523094
-0.632820
-0.696554
-0.713564
-0.688139
-0.609247
-0.499488
-0.361282
-0.235537
-0.123780
-0.038422
0.024922
0.065976
0.095138
0.099556
0.082677
0.079070
0.085487
0.117232
0.147808
0.188650
0.220233
0.244147
0.256283
0.271100
0.269524
0.260361
0.254967
0.256722
0.270141
0.290270
0.270369
0.222069
0.105909
-0.041054
-0.192566
-0.347018
-0.429305
-0.495004
-0.517781
-0.515215
-0.476776
-0.423586
-0.328432
-0.212467
-0.111985
-0.034458
0.024873
0.069257
0.101376
0.128978
0.149546
0.162218
0.155313
0.158822
0.168960
0.190324
0.207301
0.234367
0.243221
0.236447
0.228486
0.216074
0.193670
0.166832
0.148636
0.120335
0.104853
0.089646
0.060273
0.018017
-0.047845
-0.127354
-0.200673
-0.248225
-0.277696
-0.303365
-0.292025
-0.270044
-0.235976
-0.175816
-0.096421
-0.014264
0.054912
0.112927
0.130700
0.125794
0.107810
0.080224
0.065586
0.068396
0.091482
0.111465
0.131431
0.153867
0.174809
0.186311
0.185531
0.180917
0.156061
0.122074
0.084659
0.056407
0.027310
0.000894
-0.019365
-0.034539
-0.057869
-0.081003
-0.100905
-0.096535
-0.070736
-0.040063
0.006417
0.045554
0.083310
0.110279
0.118272
0.109905
0.095657
0.100889
0.108264
0.120140
0.121814
0.106120
0.072279
0.025409
-0.020795
-0.074294
-0.113349
-0.129336
-0.124511
-0.104138
-0.080727
-0.056082
-0.034734
-0.016149
-0.003867
0.013972
0.030007
0.047910
0.055107
0.053109
0.043572
0.018959
-0.001933
-0.029243
-0.053174
-0.060696
-0.039511
-0.006287
0.024223
0.060533
0.087372
0.091303
0.072458
0.054571
0.021120
-0.000146
-0.007230
-0.017465
-0.016490
-0.023866
-0.028853
-0.042240
-0.067373
-0.088135
-0.117005
-0.139555
-0.145614
-0.141358
-0.130635
-0.118516
-0.106737
-0.104836
-0.107972
-0.096356
-0.073693
-0.044271
-0.007717
0.031014
0.051923
0.062109
0.065293
0.060679
0.059461
0.069014
0.116306
0.185694
0.226260
0.230143
0.187399
0.113138
-0.000162
-0.110116
-0.209007
-0.288629
-0.323266
-0.319205
-0.293292
-0.272139
-0.252059
-0.244066
-0.248339
-0.240021
-0.224717
-0.184150
-0.130960
-0.060127
0.008497
0.061199
0.095251
0.106754
0.096031
0.073286
0.050802
0.040615
0.045700
0.054896
0.057479
0.055010
0.045457
0.034068
0.040128
0.076682
0.164102
0.281286
0.385229
0.457801
0.451952
0.363232
0.222540
0.053986
-0.127809
-0.274674
-0.353175
-0.385326
-0.376586
-0.354865
-0.343233
-0.350348
-0.380843
-0.408315
-0.424171
-0.407243
-0.336523
-0.239208
-0.122626
-0.005101
0.080760
0.134242
0.151495
0.152779
0.150050
0.153770
0.171300
0.183484
0.189349
0.176320
0.148425
0.127175
0.139181
0.200916
0.290043
0.388202
0.474599
0.516807
0.466102
0.328449
0.145939
-0.085536
-0.291911
-0.442123
-0.516465
-0.529381
-0.501893
-0.443585
-0.415756
-0.407681
-0.419687
-0.445535
-0.443488
-0.406950
-0.324046
-0.213296
-0.082985
0.034068
0.126574
0.181583
0.211314
0.216789
0.218527
0.227820
0.241938
0.257031
0.259874
0.249476
0.235992
0.258249
0.324095
0.392459
0.475688
0.544474
0.569071
0.511770
0.361152
0.147629
-0.103374
-0.335142
-0.516807
-0.619775
-0.651357
-0.637288
-0.579858
-0.537715
-0.505743
-0.495410
-0.495443
-0.477475
-0.431254
-0.341754
-0.211135
-0.066837
0.076292
0.189755
0.258249
0.299173
0.308856
0.302796
0.301041
0.288873
0.285169
0.276412
0.267217
0.277046
0.320033
0.391776
0.460530
0.524800
0.574464
0.566699
0.485858
0.325378
0.096372
-0.142398
-0.359641
-0.528276
-0.620717
-0.655175
-0.641269
-0.594350
-0.551687
-0.523419
-0.508229
-0.506133
-0.480529
-0.429857
-0.336344
-0.212808
-0.082124
0.058437
0.174484
0.259792
0.317369
0.344289
0.357074
0.367894
0.359073
0.346498
0.318522
0.291749
0.289637
0.323689
0.383198
0.443861
0.503972
0.545709
0.528829
0.429321
0.256072
0.031323
-0.201257
-0.409728
-0.561874
-0.633340
-0.655094
-0.631911
-0.580150
-0.543450
-0.509366
-0.492096
-0.475103
-0.433870
-0.371371
-0.267217
-0.147661
-0.018407
0.107939
0.206213
0.273472
0.321674
0.341121
0.356197
0.361428
0.348415
0.333404
0.297857
0.260962
0.231735
0.216854
0.232937
0.237243
0.255048
0.276201
0.254285
0.179683
0.069777
-0.066772
-0.192598
-0.305249
-0.384904
-0.415626
-0.426900
-0.391256
-0.355693
-0.345735
-0.338294
-0.349585
-0.353159
-0.332640
-0.289572
-0.217699
-0.123958
-0.033727
0.057820
0.117411
0.154339
0.178432
0.181616
0.193281
0.199568
0.195831
0.192127
0.177847
0.154306
0.130928
0.113821
0.128198
0.150391
0.181372
0.231719
0.239533
0.193297
0.130619
0.048966
-0.043588
-0.121213
-0.175897
-0.205725
-0.216805
-0.204312
-0.196449
-0.205969
-0.231443
-0.260523
-0.289783
-0.301821
-0.286274
-0.254902
-0.206927
-0.148441
-0.092327
-0.050119
-0.013111
0.019317
0.054571
0.090117
0.127987
0.164249
0.184735
0.190454
0.181258
0.157035
0.143762
0.155996
0.192241
0.232710
0.264179
0.292106
0.281481
0.238088
0.211752
0.156873
0.083603
0.027099
-0.042094
-0.115526
-0.172209
-0.245626
-0.316881
-0.381054
-0.434162
-0.454811
-0.460481
-0.435218
-0.380160
-0.328774
-0.261141
-0.188407
-0.130619
-0.061475
-0.003087
0.047553
0.111124
0.167449
0.220818
0.261888
0.272188
0.273797
0.257469
0.232986
0.223255
0.214953
0.223628
0.249996
0.253131
0.250028
0.222329
0.181990
0.148701
0.086235
0.017546
-0.042467
-0.122269
-0.194288
-0.260345
-0.338343
-0.397072
-0.444105
-0.474258
-0.465583
-0.438484
-0.386675
-0.315809
-0.246032
-0.168261
-0.088444
-0.015921
0.061979
0.129076
0.187026
0.247023
0.292187
0.322129
0.332364
0.314672
0.281968
0.237291
0.189089
0.149546
0.115803
0.087924
0.075902
0.068543
0.053141
0.015369
-0.009488
-0.032151
-0.070622
-0.090069
-0.106721
-0.143876
-0.169594
-0.193492
-0.223888
-0.240248
-0.252839
-0.253781
-0.235829
-0.204409
-0.155866
-0.108004
-0.064562
-0.015856
0.023687
0.059932
0.101506
0.134583
0.165305
0.192874
0.207902
0.217179
0.213458
0.193021
0.166718
0.132309
0.099621
0.074960
0.052459
0.031989
0.011973
-0.012217
-0.036700
-0.069371
-0.106412
-0.125047
-0.152616
-0.175150
-0.177993
-0.192078
-0.203581
-0.191461
-0.185336
-0.173996
-0.151252
-0.127549
-0.088070
-0.045960
-0.003867
0.042402
0.077088
0.109808
0.140286
0.155849
0.172632
0.185190
0.181388
0.179114
0.167108
0.146004
0.124039
0.093302
0.062645
0.034572
0.007879
-0.007002
-0.021510
-0.036391
-0.043361
-0.057398
-0.072312
-0.084691
-0.112521
-0.150261
-0.186132
-0.216220
-0.247023
-0.268565
-0.280311
-0.284194
-0.279239
-0.252222
-0.209413
-0.156126
-0.087226
-0.010381
0.066154
0.141569
0.210388
0.268045
0.314022
0.348691
0.373337
0.383117
0.377593
0.358114
0.321836
0.269800
0.208974
0.140042
0.066349
-0.000910
-0.061053
-0.111400
-0.147710
-0.169789
-0.178870
-0.176791
-0.168765
-0.152389
-0.133089
-0.117427
-0.107826
-0.107387
-0.119702
-0.142885
-0.168668
-0.199779
-0.239062
-0.270385
-0.292805
-0.311845
-0.311618
-0.289961
-0.253148
-0.192663
-0.120612
-0.031810
0.067990
0.160382
0.257940
0.343428
0.411304
0.464315
0.494761
0.503923
0.490959
0.453219
0.399428
0.329960
0.247007
0.157880
0.067633
-0.021559
-0.104073
-0.178675
-0.235927
-0.277842
-0.305460
-0.312219
-0.304794
-0.290140
-0.258233
-0.222946
-0.253261
-0.215749
-0.176401
-0.161471
-0.146865
-0.151885
-0.153949
-0.166231
-0.192468
-0.211005
-0.253798
-0.295485
-0.310123
-0.307361
-0.288126
-0.249833
-0.187156
-0.096762
-0.007262
0.095056
0.200786
0.296281
0.383068
0.463503
0.522866
0.553523
0.556122
0.534158
0.491495
0.426575
0.337693
0.231670
0.112570
-0.011015
-0.130830
-0.239745
-0.327279
-0.391094
-0.435543
-0.457151
-0.452781
-0.432684
-0.399997
-0.360161
-0.311504
-0.242474
-0.170309
-0.094796
-0.032866
0.010495
0.038617
0.047959
0.058649
0.088996
0.145354
0.263350
0.321983
0.362842
0.352395
0.301902
0.279223
0.250695
0.226650
0.192306
0.098582
0.006872
-0.039413
-0.059298
-0.022761
-0.000731
-0.012445
-0.031160
-0.051289
-0.062661
-0.055643
-0.090784
-0.137881
-0.207610
-0.264406
-0.283853
-0.198772
-0.170991
-0.137264
-0.100645
-0.059640
-0.022062
-0.025230
-0.044726
-0.099751
-0.155719
-0.182071
-0.195311
-0.199617
-0.200104
-0.185352
-0.118646
-0.032622
0.157019
0.435007
0.568307
0.632382
0.560753
0.431319
0.339707
0.216626
0.069891
-0.080094
-0.285153
-0.386074
-0.386496
-0.326369
-0.202492
-0.130213
-0.110588
-0.082514
-0.071012
-0.055822
-0.052394
-0.118402
-0.176433
-0.224506
-0.197407
-0.091222
0.034751
0.135038
0.196367
0.204685
0.195669
0.134567
0.065147
-0.058178
-0.220525
-0.399899
-0.542167
-0.679821
-0.828782
-0.906877
-0.893571
-0.690624
-0.335451
0.012185
0.265105
0.389128
0.398323
0.448345
0.504086
0.521713
0.469352
0.313746
0.166588
0.134015
0.190535
0.272318
0.326824
0.275876
0.218998
0.142934
0.094764
0.026205
-0.085406
-0.237649
-0.339837
-0.384904
-0.308352
-0.199958
-0.074196
0.047000
0.152389
0.265950
0.346173
0.382240
0.348886
0.248664
0.124072
0.003282
-0.130180
-0.258801
-0.493558
-0.775641
-0.878787
-0.800773
-0.502023
-0.150277
0.044271
0.144932
0.176986
0.228389
0.386870
0.473608
0.457508
0.362338
0.222897
0.206879
0.314769
0.412328
0.476922
0.427258
0.337741
0.292382
0.239777
0.176872
0.045635
-0.154079
-0.299790
-0.358455
-0.312235
-0.197212
-0.095690
0.003607
0.067438
0.147369
0.249639
0.337953
0.320228
0.250922
0.154761
0.089354
0.007587
-0.168213
-0.446217
-0.722775
-0.867480
-0.814339
-0.510942
-0.153413
0.087746
0.182184
0.222394
0.268240
0.391906
0.434666
0.384238
0.272302
0.147141
0.153429
0.250954
0.370737
0.455364
0.451107
0.391744
0.344045
0.268874
0.164297
-0.008968
-0.218608
-0.379104
-0.435413
-0.391987
-0.268858
-0.144331
-0.029438
0.084448
0.190470
0.275096
0.308888
0.280441
0.198073
0.109678
0.020470
-0.071889
-0.250565
-0.503988
-0.750800
-0.867269
-0.810066
-0.583708
-0.260361
0.077186
0.266015
0.369958
0.408867
0.420629
0.435283
0.367553
0.285949
0.198626
0.178822
0.237340
0.360730
0.462073
0.532241
0.507952
0.438062
0.309051
0.148994
-0.060225
-0.267526
-0.453219
-0.524101
-0.492080
-0.356961
-0.171982
0.004403
0.168391
0.299823
0.382776
0.403831
0.355206
0.250191
0.134112
0.011324
-0.095869
-0.229656
-0.464315
-0.723003
-0.865985
-0.843744
-0.689958
-0.459766
-0.259419
0.018634
0.247689
0.398795
0.503631
0.457736
0.411028
0.350105
0.296314
0.297418
0.326337
0.367472
0.460335
0.516839
0.539844
0.508359
0.378308
0.190080
-0.031241
-0.271733
-0.450912
-0.577681
-0.607476
-0.530486
-0.377415
-0.163388
0.047682
0.222654
0.335662
0.389534
0.377918
0.314834
0.205157
0.071109
-0.055773
-0.182509
-0.315370
-0.514906
-0.769889
-0.886277
-0.890517
-0.763960
-0.581515
-0.434195
-0.215099
0.071434
0.303072
0.480204
0.519341
0.463535
0.437054
0.410687
0.438175
0.477735
0.472568
0.473966
0.491105
0.478644
0.471951
0.351518
0.166182
-0.068055
-0.297581
-0.468231
-0.560525
-0.598362
-0.551460
-0.444511
-0.271311
-0.056260
0.147028
0.307930
0.387373
0.399054
0.371517
0.282050
0.177506
0.032151
-0.123666
-0.273910
-0.445161
-0.685572
-0.858025
-0.921174
-0.875668
-0.719429
-0.598639
-0.438224
-0.198057
0.132341
0.407990
0.578851
0.584602
0.540542
0.524329
0.535912
0.569412
0.578282
0.527464
0.492194
0.477247
0.455023
0.398210
0.239176
0.020860
-0.210290
-0.393856
-0.509398
-0.552223
-0.572157
-0.526912
-0.409468
-0.210745
0.033061
0.245577
0.371582
0.420938
0.414050
0.386626
0.315679
0.196107
0.034962
-0.149465
-0.333582
-0.544068
-0.794437
-0.938898
-0.982470
-0.909233
-0.762107
-0.621497
-0.442009
-0.166231
0.160236
0.429370
0.575244
0.589931
0.601335
0.605592
0.639563
0.652218
0.628402
0.554546
0.501746
0.451205
0.410264
0.317954
0.148522
-0.069322
-0.278345
-0.432700
-0.531916
-0.576999
-0.580053
-0.520267
-0.369438
-0.159001
0.076909
0.273943
0.390022
0.449759
0.465859
0.435673
0.357513
0.209494
0.030559
-0.151577
-0.332754
-0.545124
-0.803828
-0.954527
-1.001397
-0.933927
-0.785892
-0.644193
-0.455347
-0.184865
0.128280
0.421344
0.607038
0.655630
0.692411
0.709941
0.746852
0.758744
0.703686
0.602814
0.510763
0.420971
0.349520
0.239322
0.073140
-0.126899
-0.319611
-0.465193
-0.541517
-0.579403
-0.570923
-0.511413
-0.384157
-0.184394
0.033727
0.230176
0.372524
0.458645
0.501503
0.499212
0.433561
0.308417
0.132764
-0.058827
-0.263107
-0.526213
-0.805436
-0.974234
-1.035644
-0.981236
-0.887203
-0.764496
-0.588030
-0.329797
0.002242
0.324517
0.538057
0.664273
0.740191
0.804949
0.856904
0.871428
0.815037
0.701704
0.576609
0.462171
0.347814
0.216431
0.042695
-0.169577
-0.370510
-0.519260
-0.605170
-0.638750
-0.634884
-0.580085
-0.462171
-0.290823
-0.087811
0.103131
0.253164
0.361217
0.432359
0.469677
0.460676
0.393937
0.265137
0.097038
-0.103894
-0.359999
-0.629539
-0.832908
-0.952740
-0.965704
-0.936965
-0.864377
-0.739964
-0.548747
-0.279824
-0.000374
0.226715
0.410541
0.560980
0.698211
0.817149
0.900346
0.919370
0.879795
0.806703
0.720306
0.614511
0.479148
0.301009
0.085422
-0.130977
-0.314444
-0.461537
-0.567381
-0.626257
-0.631017
-0.576203
-0.463942
-0.314981
-0.157604
-0.013111
0.116485
0.227024
0.305298
0.347668
0.341933
0.290969
0.202378
0.080256
-0.094293
-0.318522
-0.516027
-0.654200
-0.728852
-0.763245
-0.774390
-0.724368
-0.619482
-0.443147
-0.235244
-0.035498
0.165727
0.362419
0.524800
0.692785
0.821585
0.902409
0.930840
0.915487
0.867691
0.791935
0.668789
0.518967
0.331487
0.130912
-0.059136
-0.237161
-0.390980
-0.503257
-0.593992
-0.626062
-0.606453
-0.541062
-0.436599
-0.315484
-0.184183
-0.050493
0.067535
0.172112
0.246536
0.275437
0.269329
0.227446
0.146995
0.022127
-0.112992
-0.238494
-0.346059
-0.436437
-0.505321
-0.536448
-0.520072
-0.441002
-0.336848
-0.208861
-0.053401
0.102237
0.249232
0.398535
0.524329
0.614560
0.670934
0.698634
0.690868
0.646061
0.566910
0.466070
0.337985
0.205205
0.069062
-0.066349
-0.186652
-0.288126
-0.367797
-0.413367
-0.431206
-0.417234
-0.382288
-0.330317
-0.260507
-0.187367
-0.112846
-0.031306
0.032833
0.082271
0.113788
0.114763
0.097266
0.045717
-0.022810
-0.092879
-0.186214
-0.279596
-0.351323
-0.417218
-0.430556
-0.393953
-0.345003
-0.268533
-0.162023
-0.042532
0.092863
0.226731
0.347765
0.448995
0.519130
0.576836
0.609670
0.608175
0.583660
0.520852
0.424772
0.323364
0.206245
0.082628
-0.036944
-0.150586
-0.248274
-0.322730
-0.371566
-0.388137
-0.389144
-0.372638
-0.333550
-0.281611
-0.220802
-0.147954
-0.082124
-0.030527
0.002015
0.017237
0.011486
-0.023167
-0.062613
-0.117379
-0.195409
-0.265430
-0.320667
-0.361607
-0.364125
-0.319968
-0.261320
-0.191234
-0.085942
0.039592
0.171137
0.304892
0.424431
0.505889
0.564327
0.607379
0.625835
0.611489
0.565366
0.489204
0.387991
0.272448
0.156353
0.035612
-0.084025
-0.189268
-0.279824
-0.349049
-0.386740
-0.401556
-0.397885
-0.374279
-0.337611
-0.288581
-0.229038
-0.160951
-0.096129
-0.048885
-0.017465
0.001413
-0.007343
-0.043653
-0.085812
-0.143015
-0.219323
-0.291294
-0.347830
-0.389307
-0.392507
-0.358861
-0.290725
-0.216854
-0.117606
0.008204
0.145306
0.285851
0.414781
0.500512
0.566894
0.616412
0.639027
0.632999
0.596072
0.523256
0.420564
0.298621
0.184654
0.068721
-0.052784
-0.161601
-0.258590
-0.338294
-0.386285
-0.406105
-0.402482
-0.383913
-0.354264
-0.306825
-0.247169
-0.176839
-0.111335
-0.059039
-0.016636
0.006125
0.006141
-0.018439
-0.060354
-0.106737
-0.175215
-0.248794
-0.306403
-0.356295
-0.375709
-0.355174
-0.301821
-0.228600
-0.147921
-0.033045
0.100190
0.227040
0.363248
0.475103
0.551590
0.610433
0.642162
0.650236
0.630790
0.567089
0.478531
0.368398
0.244846
0.125827
0.001527
-0.113674
-0.214937
-0.309441
-0.372118
-0.401037
-0.410086
-0.394993
-0.365068
-0.318262
-0.254269
-0.185596
-0.117265
-0.058178
-0.012055
0.019041
0.025230
0.004971
-0.043686
-0.095267
-0.159407
-0.235618
-0.305509
-0.365279
-0.402531
-0.398226
-0.365490
-0.298215
-0.218950
-0.125713
-0.000211
0.132228
0.268939
0.411093
0.513249
0.588663
0.640716
0.657856
0.655370
0.618963
0.543759
0.443959
0.318376
0.192761
0.068039
-0.062791
-0.178513
-0.283950
-0.367115
-0.416633
-0.443488
-0.442952
-0.419151
-0.383409
-0.326077
-0.258216
-0.189739
-0.120417
-0.065261
-0.027066
-0.005589
-0.007831
-0.036456
-0.082059
-0.129774
-0.196644
-0.268273
-0.326418
-0.375514
-0.396016
-0.375709
-0.319058
-0.246194
-0.164622
-0.053791
0.084155
0.214579
0.353793
0.485452
0.566504
0.620847
0.629701
0.611895
0.568161
0.500106
0.408997
0.305737
0.178399
0.053612
-0.077478
-0.199340
-0.301058
-0.373564
-0.413611
-0.430036
-0.427323
-0.394246
-0.343346
-0.266583
-0.165646
-0.069404
0.002307
0.051078
0.063539
0.066967
0.044596
-0.001982
-0.078729
-0.176173
-0.270499
-0.373012
-0.451578
-0.485435
-0.488181
-0.428704
-0.281254
-0.121034
0.031274
0.148912
0.228876
0.325866
0.388949
0.477393
0.535733
0.545790
0.531997
0.492551
0.431709
0.383491
0.311488
0.231589
0.126346
-0.000812
-0.124202
-0.253895
-0.349942
-0.398730
-0.415431
-0.391890
-0.338408
-0.271490
-0.185547
-0.093318
0.008529
0.093627
0.145631
0.153315
0.115104
0.031891
-0.064335
-0.172713
-0.286046
-0.386984
-0.473381
-0.548162
-0.609653
-0.620376
-0.601579
-0.547317
-0.426982
-0.230988
0.022810
0.241109
0.425195
0.516433
0.587835
0.615876
0.665378
0.713028
0.722418
0.701071
0.627134
0.512843
0.377220
0.239111
0.101035
-0.040339
-0.192225
-0.342778
-0.488847
-0.599240
-0.626712
-0.590499
-0.475996
-0.333712
-0.182997
-0.045441
0.071857
0.185028
0.274788
0.318490
0.312917
0.227625
0.080483
-0.107436
-0.360356
-0.573944
-0.733677
-0.819440
-0.831170
-0.836499
-0.777574
-0.709827
-0.586584
-0.373792
-0.073156
0.228112
0.500349
0.668919
0.749582
0.793333
0.800042
0.840641
0.865287
0.871769
0.820480
0.679967
0.499472
0.274121
0.052703
-0.145777
-0.331600
-0.491365
-0.636492
-0.750881
-0.799035
-0.758647
-0.629945
-0.417624
-0.182282
0.049063
0.232125
0.362858
0.450474
0.477800
0.460010
0.381005
0.240963
0.057349
-0.165662
-0.434812
-0.708983
-0.907056
-1.015694
-1.010105
-0.961854
-0.851185
-0.734749
-0.597924
-0.375465
-0.081442
0.232401
0.530551
0.736828
0.844622
0.894384
0.871363
0.886423
0.883970
0.874011
0.831511
0.689487
0.487807
0.208698
-0.078290
-0.336718
-0.538885
-0.659724
-0.735318
-0.771384
-0.753773
-0.688902
-0.548275
-0.338294
-0.101928
0.138336
0.324403
0.445064
0.496938
0.475720
0.414050
0.305623
0.159391
-0.011324
-0.233847
-0.504086
-0.760320
-0.962683
-1.063425
-1.055854
-0.983331
-0.838936
-0.691534
-0.510194
-0.271815
0.013387
0.320066
0.600799
0.806996
0.934382
0.967621
0.951733
0.925918
0.871996
0.842672
0.766429
0.627540
0.422741
0.139733
-0.141926
-0.409907
-0.594561
-0.696343
-0.739948
-0.717236
-0.661333
-0.564327
-0.418810
-0.233847
-0.019024
0.191835
0.368853
0.492974
0.529576
0.495979
0.407015
0.268289
0.108752
-0.075041
-0.294949
-0.557325
-0.793609
-0.987101
-1.076243
-1.058470
-0.967313
-0.783471
-0.600767
-0.360795
-0.089533
0.178757
0.463860
0.685718
0.871818
0.972447
0.994850
0.992267
0.924163
0.853882
0.773886
0.658652
0.514272
0.301756
0.050477
-0.222247
-0.470359
-0.642065
-0.742238
-0.761994
-0.708235
-0.614430
-0.479311
-0.319513
-0.141975
0.051387
0.226845
0.390200
0.498611
0.536237
0.506458
0.393612
0.231557
0.040372
-0.167027
-0.395627
-0.635257
-0.836596
-0.990740
-1.048024
-1.025377
-0.905041
-0.717967
-0.484331
-0.189966
0.078859
0.342274
0.564278
0.743717
0.885123
0.947850
0.990204
0.973308
0.923286
0.851640
0.727698
0.583790
0.386837
0.161211
-0.081637
-0.320569
-0.510406
-0.654460
-0.734814
-0.744692
-0.695271
-0.592676
-0.449239
-0.279889
-0.093285
0.088493
0.250987
0.375303
0.446136
0.457216
0.410541
0.307784
0.163323
-0.015223
-0.231768
-0.474274
-0.706741
-0.899046
-1.007912
-1.030315
-0.945039
-0.769045
-0.536205
-0.252222
0.022761
0.270092
0.471724
0.626403
0.751044
0.838318
0.913051
0.945787
0.929362
0.871119
0.758257
0.603220
0.411840
0.205709
-0.003980
-0.212890
-0.390298
-0.540315
-0.657173
-0.722581
-0.729079
-0.672266
-0.543158
-0.358894
-0.151252
0.056001
0.228307
0.358504
0.428850
0.446428
0.424139
0.350056
0.245220
0.096031
-0.102757
-0.344516
-0.593505
-0.807873
-0.954819
-1.004435
-0.943220
-0.776274
-0.544636
-0.283496
-0.032362
0.183289
0.371793
0.522298
0.650643
0.767664
0.862200
0.916349
0.914773
0.858772
0.745244
0.591734
0.418452
0.235423
0.062158
-0.106705
-0.276932
-0.442058
-0.581076
-0.679025
-0.721476
-0.679756
-0.565285
-0.392881
-0.196367
-0.009033
0.148734
0.252758
0.325199
0.364093
0.372996
0.355499
0.275876
0.147986
-0.055058
-0.306565
-0.554839
-0.772213
-0.890566
-0.917080
-0.842672
-0.680600
-0.482576
-0.260004
-0.054035
0.147645
0.331844
0.496190
0.656280
0.772521
0.861908
0.898348
0.871850
0.802106
0.691697
0.565870
0.424350
0.273001
0.106624
-0.079103
-0.271376
-0.461830
-0.614511
-0.717772
-0.745341
-0.697464
-0.595666
-0.440531
-0.285997
-0.126606
0.018358
0.141585
0.249801
0.319221
0.362972
0.344922
0.261531
0.118435
-0.091417
-0.317986
-0.538349
-0.708495
-0.802154
-0.808100
-0.711939
-0.564603
-0.385099
-0.187903
-0.000926
0.168976
0.336653
0.496418
0.628418
0.730492
0.775803
0.771368
0.726333
0.660845
0.582896
0.486118
0.381590
0.240866
0.068835
-0.117297
-0.299449
-0.458337
-0.577616
-0.622878
-0.623609
-0.582831
-0.505418
-0.410362
-0.284714
-0.150212
-0.004809
0.132731
0.237064
0.305785
0.314867
0.274690
0.184264
0.036050
-0.141683
-0.325102
-0.490098
-0.614933
-0.670089
-0.647783
-0.569347
-0.440775
-0.295355
-0.136110
0.032980
0.204653
0.368544
0.497198
0.591929
0.644177
0.662324
0.654558
0.625493
0.571832
0.494874
0.396163
0.276363
0.131155
-0.015385
-0.166328
-0.297808
-0.405683
-0.485841
-0.523890
-0.528455
-0.497068
-0.435755
-0.343509
-0.234416
-0.116323
0.001446
0.100612
0.178432
0.219648
0.216626
0.160025
0.049746
-0.091872
-0.245366
-0.385050
-0.492015
-0.533881
-0.536822
-0.499066
-0.419963
