0.000260
0.000943
0.001144
0.001757
0.002670
0.003055
0.003602
0.004783
0.005599
0.007099
0.010308
0.015233
0.017961
0.019907
0.020642
0.021686
0.022040
0.022042
0.023476
0.025542
0.029316
0.033165
0.038681
0.044971
0.050583
0.054378
0.057043
0.058894
0.060069
0.060529
0.060569
0.060599
0.060653
0.060710
0.060746
0.060784
0.060837
0.060854
0.060862
0.060951
0.061029
0.061131
0.061405
0.061602
0.061995
0.062696
0.064213
0.066391
0.068668
0.072415
0.078760
0.087119
0.093153
0.097422
0.098202
0.098380
0.098615
0.098869
0.100865
0.106276
0.114685
0.124179
0.135062
0.142878
0.148798
0.153139
0.156066
0.157127
0.157556
0.157567
0.157619
0.157730
0.157827
0.157892
0.158092
0.158421
0.158506
0.158590
0.158659
0.158726
0.159113
0.159711
0.160198
0.160814
0.161431
0.162719
0.164499
0.168547
0.173823
0.182735
0.188918
0.193058
0.195441
0.196063
0.196130
0.196519
0.198777
0.204381
0.213064
0.223795
0.234717
0.244967
0.251116
0.255710
0.258256
0.259709
0.259935
0.259973
0.260053
0.260536
0.260648
0.260704
0.260729
0.260771
0.260800
0.260997
0.261182
0.261483
0.261636
0.262045
0.262595
0.263458
0.264556
0.266371
0.268760
0.273819
0.279986
0.289852
0.299046
0.304741
0.307777
0.307802
0.307951
0.309457
0.312680
0.319533
0.327630
0.339788
0.353525
0.363366
0.370051
0.373438
0.374761
0.375150
0.375191
0.375191
0.375222
0.375722
0.375989
0.376240
0.376283
0.376362
0.376362
0.376456
0.376842
0.377336
0.377994
0.378772
0.379737
0.380277
0.381190
0.382080
0.383322
0.386066
0.391163
0.398341
0.405472
0.409986
0.411783
0.411879
0.411969
0.413297
0.416390
0.420208
0.425927
0.433323
0.440723
0.447970
0.454027
0.457156
0.458616
0.458931
0.458937
0.458938
0.458939
0.458939
0.459034
0.459165
0.459300
0.459438
0.459509
0.459638
0.459841
0.460465
0.461366
0.462464
0.463249
0.463859
0.464314
0.464685
0.465006
0.465688
0.466858
0.469429
0.473154
0.476647
0.479084
0.479934
0.479985
0.480243
0.481701
0.483699
0.486389
0.489153
0.492202
0.495750
0.499098
0.501884
0.504108
0.505591
0.506811
0.507311
0.507402
0.507403
0.507510
0.507653
0.507829
0.508159
0.508500
0.508983
0.509360
0.509728
0.509984
0.510209
0.510452
0.510755
0.511085
0.511290
0.511511
0.511661
0.511574
0.511310
0.511788
0.512375
0.513566
0.515201
0.515980
0.515323
0.514694
0.513257
0.510674
0.506624
0.505688
0.505441
0.506250
0.506653
0.507624
0.509500
0.509896
0.509874
0.507795
0.504765
0.499616
0.493409
0.487804
0.484208
0.482019
0.480720
0.480178
0.480315
0.480511
0.480600
0.480677
0.480720
0.480773
0.480846
0.480913
0.480947
0.480968
0.480928
0.480927
0.480970
0.481105
0.482404
0.486065
0.490943
0.494034
0.495133
0.493802
0.490100
0.484235
0.477465
0.474671
0.474145
0.476075
0.478934
0.481269
0.483695
0.484907
0.482971
0.478562
0.471594
0.462465
0.455222
0.449302
0.445183
0.442909
0.442893
0.443576
0.444781
0.445669
0.446265
0.446885
0.447429
0.447925
0.448070
0.448273
0.448262
0.448193
0.448126
0.447750
0.447189
0.447165
0.448799
0.452529
0.455257
0.456882
0.454364
0.449345
0.440808
0.435906
0.434246
0.434908
0.436356
0.438356
0.439370
0.438780
0.435326
0.429231
0.422146
0.414109
0.405981
0.400904
0.396473
0.393956
0.392926
0.393550
0.394449
0.395061
0.395086
0.395475
0.396023
0.396853
0.397837
0.398890
0.399229
0.399337
0.399118
0.398971
0.398602
0.398263
0.399048
0.401811
0.403988
0.405958
0.403288
0.397650
0.387910
0.379988
0.377100
0.378963
0.382633
0.385452
0.386018
0.384338
0.379332
0.373338
0.364135
0.353061
0.345691
0.340507
0.337449
0.336127
0.336044
0.337062
0.338319
0.339344
0.339513
0.339630
0.339832
0.340389
0.341190
0.342235
0.342831
0.343064
0.342826
0.342269
0.341642
0.341163
0.343373
0.347003
0.350848
0.353876
0.353060
0.348116
0.341404
0.336163
0.336646
0.340131
0.344494
0.347453
0.348107
0.346783
0.344445
0.341203
0.336928
0.332829
0.328710
0.324305
0.321489
0.320054
0.320332
0.321788
0.323316
0.324734
0.325694
0.326494
0.327202
0.327883
0.328841
0.329656
0.330317
0.330570
0.330177
0.329678
0.329505
0.331680
0.335024
0.338397
0.341445
0.342726
0.342143
0.341415
0.341058
0.342778
0.345028
0.347175
0.349472
0.351310
0.352376
0.352127
0.352063
0.351832
0.351854
0.351818
0.350013
0.347231
0.344463
0.342472
0.341831
0.341632
0.342557
0.343630
0.344889
0.346066
0.347255
0.348533
0.349384
0.349868
0.349915
0.349869
0.349965
0.351804
0.355938
0.360076
0.364163
0.366498
0.367027
0.366963
0.368299
0.371919
0.378354
0.383247
0.386381
0.386762
0.386397
0.386294
0.387065
0.389109
0.391298
0.393072
0.394180
0.393362
0.391774
0.390250
0.389332
0.388890
0.387943
0.386890
0.385409
0.384601
0.384694
0.385524
0.386887
0.387799
0.388427
0.388557
0.388553
0.389110
0.392003
0.397110
0.401842
0.405332
0.407275
0.407421
0.407649
0.409338
0.414979
0.421732
0.426976
0.430722
0.432682
0.434023
0.434020
0.432032
0.428955
0.426909
0.425835
0.426670
0.427062
0.426599
0.425167
0.422552
0.419495
0.417685
0.415452
0.413652
0.411902
0.409688
0.407563
0.405045
0.403569
0.402519
0.402292
0.402678
0.403697
0.406489
0.410389
0.413549
0.415852
0.416798
0.416219
0.415708
0.416589
0.420734
0.425770
0.431002
0.435127
0.438229
0.440901
0.443153
0.445771
0.448063
0.447859
0.445066
0.441975
0.438671
0.437145
0.437134
0.437371
0.436936
0.435466
0.433214
0.432049
0.431098
0.430904
0.430742
0.429727
0.427541
0.424109
0.421293
0.419234
0.418448
0.419128
0.420702
0.421262
0.421665
0.422037
0.421797
0.421486
0.421029
0.420590
0.419987
0.419481
0.419473
0.420304
0.422445
0.425270
0.428969
0.433383
0.436460
0.437589
0.435663
0.432360
0.428379
0.426034
0.425540
0.425472
0.424372
0.421792
0.417221
0.414259
0.412018
0.411049
0.410648
0.409482
0.408030
0.405554
0.403189
0.401230
0.400522
0.401882
0.403477
0.404561
0.406010
0.406349
0.406238
0.406624
0.406497
0.406055
0.405468
0.405058
0.405060
0.406423
0.409651
0.414223
0.420528
0.426808
0.431688
0.433750
0.432215
0.429255
0.426109
0.424446
0.424310
0.423855
0.422205
0.417788
0.413751
0.411411
0.410919
0.411924
0.412660
0.412983
0.411866
0.409597
0.406882
0.404412
0.403512
0.404534
0.405582
0.405713
0.405393
0.404377
0.403149
0.402427
0.401537
0.400763
0.400113
0.399789
0.400320
0.401745
0.404910
0.409020
0.413733
0.417577
0.418438
0.417771
0.416024
0.413726
0.412816
0.412857
0.412416
0.410276
0.405329
0.400407
0.397162
0.396128
0.396460
0.397375
0.398010
0.397184
0.395504
0.393264
0.390612
0.389278
0.389132
0.389849
0.390721
0.390480
0.390150
0.389319
0.388396
0.387433
0.386301
0.384971
0.383548
0.382614
0.382543
0.383344
0.385572
0.388377
0.389975
0.389649
0.388494
0.386925
0.386636
0.387299
0.388110
0.387125
0.383377
0.376525
0.371136
0.367392
0.365862
0.365784
0.366386
0.366869
0.366359
0.365356
0.363906
0.362688
0.362152
0.362386
0.362639
0.362262
0.361666
0.361185
0.360735
0.360361
0.359789
0.359052
0.357967
0.356640
0.355734
0.354957
0.354527
0.354485
0.354271
0.352199
0.348903
0.346323
0.345136
0.345293
0.346838
0.348110
0.347567
0.342654
0.336344
0.331186
0.327364
0.325325
0.323919
0.323064
0.321984
0.320657
0.319273
0.318202
0.317397
0.317664
0.318184
0.318366
0.317945
0.317381
0.316529
0.315756
0.315019
0.314144
0.313267
0.312093
0.310704
0.309769
0.309257
0.308987
0.308630
0.307422
0.303981
0.299115
0.295030
0.292003
0.290833
0.291712
0.292755
0.292529
0.288973
0.284575
0.279976
0.276560
0.273898
0.271446
0.269262
0.266607
0.263892
0.261978
0.260736
0.260257
0.260742
0.261375
0.261771
0.261854
0.261494
0.260833
0.260320
0.259517
0.258457
0.257272
0.255765
0.254633
0.254244
0.254050
0.253982
0.253919
0.253644
0.252874
0.251317
0.250420
0.249326
0.248110
0.247766
0.247646
0.247602
0.247442
0.247252
0.246876
0.246011
0.245012
0.243006
0.240584
0.237506
0.233598
0.230844
0.228610
0.227008
0.226585
0.226379
0.226376
0.226344
0.226297
0.226212
0.226158
0.226143
0.225797
0.225438
0.224771
0.223974
0.223520
0.223002
0.222582
0.222293
0.221783
0.221025
0.219400
0.217903
0.216616
0.214176
0.212613
0.211669
0.210633
0.210448
0.210643
0.210912
0.210921
0.210497
0.208853
0.205539
0.201047
0.194753
0.188340
0.182979
0.178254
0.175527
0.174258
0.173821
0.174483
0.175520
0.176576
0.177257
0.177497
0.176852
0.175082
0.172682
0.169740
0.167234
0.165468
0.164252
0.163587
0.163378
0.163109
0.162835
0.161832
0.161284
0.160644
0.159653
0.159171
0.159010
0.158776
0.158781
0.158719
0.158792
0.158290
0.156935
0.154719
0.151113
0.146894
0.142329
0.138813
0.136106
0.134402
0.133827
0.133884
0.134052
0.134551
0.134862
0.134792
0.134427
0.133990
0.133423
0.132605
0.132354
0.132700
0.133796
0.135714
0.137764
0.139236
0.140050
0.140193
0.140009
0.139303
0.138235
0.137764
0.137263
0.136926
0.137065
0.137759
0.138862
0.140451
0.141700
0.142375
0.142272
0.141341
0.139322
0.137672
0.137459
0.141798
0.141996
0.141022
0.138664
0.137967
0.137264
0.137465
0.138400
0.140267
0.146946
0.153725
0.156420
0.156840
0.155084
0.153539
0.152817
0.152467
0.152127
0.151545
0.151125
0.151012
0.151012
0.151663
0.151599
0.151213
0.151757
0.152792
0.154350
0.155159
0.156420
0.157097
0.157096
0.157144
0.158301
0.159042
0.159052
0.158230
0.156292
0.154022
0.151752
0.152188
0.156091
0.176963
0.216214
0.229909
0.235444
0.235389
0.237775
0.238612
0.241487
0.248321
0.257766
0.277181
0.283873
0.284056
0.283146
0.283017
0.282590
0.284114
0.285222
0.286543
0.287125
0.287553
0.290569
0.292152
0.292561
0.293155
0.299138
0.307508
0.313731
0.318348
0.319956
0.321109
0.321108
0.321162
0.323373
0.328974
0.335503
0.336584
0.335919
0.334656
0.333500
0.334990
0.350182
0.384772
0.421849
0.437575
0.439399
0.440819
0.443549
0.446137
0.448303
0.453682
0.463548
0.473774
0.475759
0.475081
0.475206
0.475234
0.475655
0.478011
0.481853
0.485131
0.488304
0.491833
0.495718
0.496413
0.496670
0.502692
0.513192
0.523968
0.529822
0.532628
0.533499
0.533577
0.533562
0.535472
0.540511
0.546279
0.549842
0.550553
0.550350
0.550048
0.550575
0.553455
0.568359
0.597230
0.623463
0.630570
0.630254
0.634489
0.639370
0.641611
0.642927
0.645030
0.649240
0.652695
0.652792
0.652891
0.653038
0.652603
0.655295
0.660765
0.667459
0.672618
0.676322
0.678976
0.680763
0.680715
0.682612
0.691805
0.703824
0.712963
0.716421
0.717133
0.717061
0.717120
0.717847
0.720549
0.724286
0.727074
0.727335
0.727003
0.727320
0.727710
0.728413
0.729838
0.735292
0.755975
0.781968
0.789783
0.788782
0.790422
0.795059
0.795111
0.795157
0.795500
0.797184
0.800297
0.800812
0.800863
0.800818
0.800669
0.803762
0.812452
0.820299
0.825173
0.826868
0.827515
0.827944
0.827966
0.829767
0.836166
0.847486
0.855290
0.858627
0.858944
0.858931
0.859548
0.861116
0.863152
0.865312
0.866107
0.865521
0.863942
0.862716
0.861878
0.861229
0.860882
0.862064
0.866908
0.882207
0.906197
0.911468
0.910455
0.910254
0.910492
0.907681
0.905013
0.902891
0.903546
0.906869
0.907929
0.907758
0.907851
0.908159
0.912410
0.919428
0.924621
0.926946
0.926854
0.925831
0.924509
0.923487
0.924712
0.930608
0.939319
0.944370
0.944570
0.941269
0.932937
0.929753
0.928677
0.930480
0.932276
0.934269
0.934237
0.933284
0.931428
0.924617
0.917300
0.914079
0.913750
0.917842
0.925977
0.945293
0.956946
0.958676
0.958544
0.961067
0.961191
0.961642
0.962346
0.965514
0.971506
0.975043
0.974076
0.972372
0.971562
0.972048
0.976343
0.981357
0.984139
0.984312
0.983460
0.982756
0.982198
0.983653
0.988223
0.996069
1.000000
0.997193
0.975239
0.934814
0.920363
0.914814
0.917020
0.919047
0.921688
0.919908
0.912547
0.902129
0.881545
0.873729
0.872618
0.873736
0.876417
0.882326
0.893335
0.913475
0.919816
0.920779
0.920593
0.919290
0.918383
0.919047
0.920735
0.918382
0.915817
0.912021
0.907712
0.906595
0.905826
0.909043
0.913213
0.914483
0.910256
0.903813
0.901896
0.901403
0.901879
0.904166
0.907472
0.898966
0.868897
0.833847
0.818390
0.816491
0.815234
0.814670
0.815086
0.817111
0.814122
0.804359
0.793639
0.791020
0.791064
0.790558
0.791380
0.792612
0.793078
0.794083
0.802065
0.818869
0.823201
0.820659
0.820102
0.821412
0.815917
0.806710
0.798473
0.796869
0.801094
0.803680
0.804343
0.805162
0.803965
0.802118
0.800476
0.799366
0.799399
0.799655
0.799597
0.798648
0.795791
0.782713
0.758512
0.738278
0.735367
0.736809
0.732676
0.727623
0.725551
0.725486
0.726734
0.726398
0.725721
0.726442
0.726144
0.725652
0.725652
0.722800
0.717872
0.713262
0.711399
0.713146
0.724179
0.740903
0.748217
0.747587
0.738404
0.726572
0.717720
0.715570
0.718200
0.723819
0.731262
0.733876
0.732598
0.729410
0.727359
0.729396
0.732387
0.733481
0.733491
0.732887
0.731402
0.725668
0.705021
0.680290
0.676602
0.682235
0.683850
0.680218
0.679928
0.679331
0.678746
0.678273
0.678118
0.681714
0.684756
0.686211
0.686657
0.683411
0.674337
0.666084
0.661673
0.661935
0.665127
0.670621
0.683174
0.696621
0.698804
0.690182
0.682375
0.678862
0.678582
0.679705
0.682346
0.687715
0.693797
0.696236
0.697448
0.699003
0.700937
0.703243
0.705266
0.706321
0.706393
0.704962
0.700127
0.684717
0.660803
0.656479
0.660126
0.663093
0.664407
0.667019
0.668131
0.667870
0.665197
0.661377
0.662056
0.665475
0.668695
0.670798
0.668175
0.662021
0.656838
0.654132
0.653725
0.655163
0.658058
0.662755
0.670216
0.679444
0.681753
0.680894
0.680138
0.680095
0.680081
0.680318
0.681659
0.685181
0.690581
0.695689
0.700531
0.705259
0.708387
0.712032
0.715244
0.716928
0.715840
0.711744
0.703389
0.683163
0.671128
0.669961
0.672283
0.673164
0.676336
0.678236
0.678595
0.675990
0.670343
0.665944
0.665833
0.666447
0.667787
0.667814
0.664524
0.661034
0.659065
0.657972
0.657631
0.657438
0.658093
0.658204
0.657047
0.655287
0.654808
0.656210
0.658590
0.660544
0.662031
0.662014
0.659731
0.655897
0.654202
0.655475
0.658484
0.661980
0.665608
0.669930
0.674288
0.676937
0.675842
0.671153
0.658938
0.637692
0.629920
0.628377
0.628503
0.627714
0.628372
0.628610
0.627473
0.624927
0.619964
0.617992
0.617956
0.617538
0.617128
0.613921
0.609673
0.606100
0.604389
0.603804
0.603788
0.603781
0.603305
0.600960
0.595355
0.588865
0.584909
0.583655
0.585404
0.587886
0.589488
0.588938
0.586228
0.581735
0.578945
0.578556
0.579039
0.580356
0.582961
0.586022
0.588987
0.590979
0.591123
0.589394
0.580579
0.562184
0.555518
0.554429
0.554271
0.552836
0.552894
0.552474
0.551222
0.548653
0.543226
0.541444
0.542021
0.541830
0.541553
0.538604
0.534570
0.532071
0.531193
0.531040
0.531154
0.531235
0.530735
0.528286
0.523203
0.517231
0.512889
0.512068
0.513145
0.514354
0.514958
0.514280
0.510990
0.507083
0.504286
0.503546
0.504276
0.505976
0.508587
0.511302
0.513828
0.514038
0.512707
0.509179
0.496811
0.478993
0.471958
0.470598
0.470545
0.470635
0.470885
0.470358
0.468207
0.463767
0.457119
0.454692
0.453478
0.452737
0.451897
0.449148
0.446201
0.444681
0.444287
0.444238
0.444294
0.444337
0.443795
0.441847
0.436951
0.431889
0.428079
0.426989
0.427952
0.429183
0.429984
0.429222
0.426294
0.422185
0.419226
0.418133
0.418538
0.419970
0.422407
0.425277
0.427886
0.427877
0.426120
0.422063
0.410707
0.396163
0.387898
0.385195
0.385260
0.385479
0.385659
0.385143
0.383002
0.377275
0.370134
0.366115
0.363681
0.362073
0.360420
0.357965
0.355668
0.354409
0.354060
0.354059
0.354128
0.354163
0.353725
0.352008
0.348126
0.343763
0.340153
0.337921
0.337561
0.338293
0.339097
0.339144
0.337073
0.333589
0.330341
0.328216
0.327092
0.327309
0.329071
0.331384
0.333728
0.334684
0.333661
0.330726
0.322524
0.307604
0.296673
0.291993
0.290942
0.290945
0.291309
0.291373
0.290103
0.285774
0.278858
0.272623
0.268015
0.263745
0.260916
0.257371
0.254161
0.252058
0.251485
0.251453
0.251484
0.251455
0.250954
0.249782
0.247453
0.244385
0.241647
0.239561
0.238599
0.239060
0.239767
0.240697
0.240932
0.240153
0.238681
0.237022
0.235692
0.235100
0.235805
0.237519
0.240376
0.243517
0.245013
0.245312
0.243496
0.238190
0.232750
0.228682
0.225772
0.223823
0.222678
0.222748
0.223420
0.223825
0.223008
0.221498
0.219304
0.216373
0.213172
0.208964
0.204452
0.200640
0.198483
0.197182
0.196591
0.196485
0.196516
0.196476
0.196087
0.195282
0.194402
0.193662
0.192896
0.192857
0.193156
0.193323
0.193817
0.193981
0.193973
0.194050
0.194332
0.194828
0.195820
0.197694
0.200038
0.202952
0.205960
0.208256
0.210077
0.210383
0.209927
0.209264
0.207087
0.204622
0.203004
0.201807
0.202025
0.202997
0.204233
0.205216
0.205780
0.205240
0.203142
0.200313
0.196256
0.192375
0.189308
0.186199
0.183805
0.182338
0.181218
0.180981
0.180990
0.180879
0.180471
0.180243
0.179569
0.178497
0.178074
0.177387
0.176795
0.176918
0.176627
0.176384
0.176360
0.176762
0.177475
0.178701
0.180666
0.183124
0.186338
0.189170
0.191473
0.193182
0.194213
0.194418
0.193363
0.192189
0.191396
0.190998
0.191381
0.192003
0.192891
0.193765
0.193956
0.193242
0.191352
0.188847
0.185809
0.183504
0.181508
0.179575
0.178283
0.177599
0.177365
0.177404
0.177342
0.177014
0.176594
0.176426
0.175877
0.175319
0.175352
0.175571
0.175710
0.176141
0.176441
0.176360
0.176490
0.177531
0.179160
0.181591
0.183899
0.186407
0.188921
0.192003
0.194340
0.196009
0.196924
0.196746
0.195287
0.194021
0.193307
0.193100
0.193949
0.195340
0.197204
0.199548
0.201104
0.200513
0.198496
0.195558
0.192156
0.189761
0.187814
0.186226
0.186043
0.186295
0.186667
0.186847
0.186849
0.187315
0.189413
0.196892
0.203564
0.207469
0.208317
0.207326
0.206667
0.206344
0.206069
0.206264
0.208073
0.211197
0.214977
0.219244
0.221552
0.223930
0.225818
0.228338
0.231369
0.233352
0.234943
0.234938
0.233844
0.233135
0.234019
0.236016
0.238985
0.242943
0.246565
0.249867
0.251363
0.250704
0.248685
0.247253
0.247007
0.247318
0.248014
0.247899
0.247738
0.247627
0.247284
0.247232
0.247717
0.249235
0.252143
0.256932
0.267141
0.280753
0.288097
0.290726
0.289860
0.289431
0.290222
0.290728
0.291123
0.292895
0.295455
0.300363
0.306453
0.312494
0.317308
0.321331
0.324316
0.326923
0.328233
0.328941
0.328331
0.327340
0.328032
0.332167
0.339020
0.345769
0.350389
0.352674
0.353479
0.353055
0.351439
0.349598
0.348566
0.349119
0.350857
0.352800
0.352864
0.352538
0.351949
0.351760
0.351854
0.352298
0.353345
0.356017
0.362609
0.377406
0.390863
0.399394
0.401267
0.400689
0.400557
0.402516
0.403427
0.404539
0.406308
0.409135
0.415637
0.423165
0.432155
0.438798
0.442811
0.445091
0.445847
0.445911
0.445883
0.444764
0.443958
0.445455
0.450597
0.458067
0.465543
0.469938
0.471509
0.471574
0.470446
0.468462
0.466609
0.465538
0.465387
0.466828
0.468005
0.468578
0.468493
0.467961
0.467993
0.468446
0.469428
0.470969
0.474101
0.481615
0.496441
0.509388
0.518552
0.519929
0.519380
0.520158
0.524802
0.526812
0.529050
0.530690
0.532453
0.537208
0.543420
0.552869
0.560655
0.566098
0.568818
0.568686
0.568099
0.567445
0.566293
0.565640
0.566551
0.569976
0.576169
0.582982
0.588041
0.589933
0.589765
0.588497
0.587171
0.586410
0.585763
0.585107
0.585088
0.584233
0.583989
0.583702
0.583374
0.583356
0.584038
0.585546
0.588463
0.593548
0.602880
0.615736
0.625486
0.631237
0.631386
0.631013
0.632634
0.635985
0.638573
0.642173
0.643799
0.646294
0.650162
0.655840
0.664596
0.671334
0.676871
0.678242
0.677900
0.677280
0.676514
0.675651
0.675924
0.676999
0.679784
0.684415
0.689126
0.691956
0.692474
0.690304
0.688029
0.686500
0.686501
0.686086
0.686045
0.685407
0.684975
0.684868
0.685010
0.685049
0.684896
0.684967
0.685819
0.688655
0.696153
0.708371
0.720127
0.729556
0.732122
0.732344
0.733100
0.736668
0.739518
0.743186
0.744866
0.746116
0.748891
0.752929
0.760391
0.767114
0.771694
0.768091
0.761330
0.756356
0.754547
0.755001
0.755681
0.757079
0.759164
0.762503
0.765204
0.766747
0.767082
0.764510
0.762338
0.760100
0.759923
0.760631
0.760848
0.760932
0.760124
0.760291
0.760579
0.760229
0.758566
0.755926
0.753599
0.752564
0.756946
0.767194
0.779879
0.791086
0.796175
0.796367
0.793845
0.792869
0.792513
0.793612
0.794672
0.795861
0.798933
0.802957
0.809819
0.816679
0.821201
0.821688
0.812642
0.798626
0.790307
0.786686
0.787015
0.787860
0.788087
0.789995
0.793535
0.796533
0.798399
0.796128
0.790756
0.784657
0.780304
0.777911
0.776921
0.775793
0.774792
0.774120
0.774275
0.774207
0.772522
0.767450
0.760791
0.756147
0.758752
0.767800
0.779450
0.789356
0.793313
0.793835
0.792088
0.789443
0.787075
0.785420
0.785523
0.787177
0.790306
0.795086
0.802475
0.809183
0.814312
0.815439
0.809735
0.794447
0.779998
0.770272
0.767590
0.768001
0.769022
0.769860
0.773526
0.778143
0.780973
0.780897
0.774959
0.767328
0.758641
0.753262
0.750394
0.749260
0.748902
0.748946
0.749242
0.749655
0.749506
0.747203
0.742048
0.737510
0.738151
0.744267
0.753106
0.759895
0.763140
0.763789
0.763212
0.761752
0.759874
0.757964
0.756752
0.758189
0.762359
0.768882
0.776102
0.782117
0.785635
0.786274
0.784070
0.776513
0.760705
0.746532
0.736182
0.734623
0.736841
0.739792
0.740449
0.743345
0.744965
0.744776
0.743445
0.738671
0.732413
0.723017
0.715802
0.711319
0.709820
0.711268
0.712485
0.713335
0.713294
0.712955
0.712344
0.712193
0.712196
0.712933
0.714593
0.717785
0.720229
0.721061
0.720406
0.718844
0.716992
0.716715
0.717382
0.720111
0.724257
0.729119
0.734623
0.739668
0.743081
0.744724
0.743669
0.739446
0.729664
0.715637
0.704850
0.698911
0.699884
0.703228
0.704873
0.705028
0.705717
0.704248
0.703940
0.701849
0.698002
0.692347
0.684055
0.678195
0.673853
0.673015
0.673565
0.673836
0.673507
0.673526
0.674907
0.677513
0.680063
0.681140
0.680772
0.678836
0.677612
0.677539
0.677458
0.676793
0.675943
0.676195
0.678210
0.681479
0.684639
0.688441
0.691947
0.695548
0.698713
0.700612
0.700169
0.696595
0.687162
0.672274
0.658557
0.649248
0.647944
0.650057
0.651984
0.650828
0.650302
0.647699
0.645667
0.643584
0.640126
0.636043
0.628962
0.622132
0.615711
0.611750
0.611019
0.610864
0.611189
0.612483
0.614951
0.617337
0.618956
0.618053
0.615651
0.612522
0.609067
0.607328
0.607412
0.608781
0.609876
0.610541
0.611559
0.614254
0.617961
0.622088
0.625873
0.629243
0.631294
0.632311
0.631853
0.628953
0.620938
0.607602
0.593939
0.583730
0.580756
0.581949
0.583848
0.583605
0.582311
0.579986
0.577988
0.576126
0.572909
0.568992
0.561914
0.553727
0.546151
0.540412
0.538415
0.538155
0.538990
0.540326
0.541723
