0.000000
0.000000
0.000000
0.000000
0.000000
0.000000
0.000000
0.000000
0.000000
0.000000
0.000000
0.000000
0.000000
0.000000
0.000000
0.000000
0.000000
0.000000
0.000000
0.000000
0.000000
0.000000
0.000000
0.000000
0.000000
0.000000
0.000000
0.000000
0.000000
0.000000
0.000000
0.000000
0.000000
0.000000
0.000000
0.000000
0.000000
0.000000
0.000000
0.000000
0.080051
0.129875
0.070447
0.122952
0.150107
0.097504
0.116176
0.170778
0.141917
0.192424
0.281396
0.348674
0.259458
0.219189
0.134604
0.160540
0.093457
-0.008093
-0.188134
-0.225770
-0.305236
-0.308210
-0.368955
-0.394013
-0.372172
-0.306065
-0.256484
-0.213729
-0.170291
-0.106523
-0.031543
0.026911
0.036564
0.037490
0.029934
0.030616
0.036320
0.020476
0.013212
0.047094
0.043682
0.050215
0.082245
0.069667
0.098576
0.131484
0.193545
0.231816
0.237081
0.304115
0.395720
0.454222
0.385920
0.324590
0.138748
0.066254
-0.076102
-0.079173
-0.221968
-0.365445
-0.455587
-0.484058
-0.518282
-0.439206
-0.382264
-0.327321
-0.268770
-0.161808
-0.102915
-0.016576
0.035589
0.052457
0.048898
0.040123
0.070300
0.090045
0.045729
0.045632
0.041342
0.040513
0.097796
0.121441
0.109643
0.123294
0.123440
0.178286
0.209585
0.316108
0.360862
0.468994
0.390649
0.319667
0.242492
0.123879
0.040708
-0.097991
-0.236106
-0.371880
-0.462949
-0.514626
-0.519208
-0.502974
-0.389577
-0.336730
-0.250683
-0.189353
-0.074737
-0.030665
0.044413
0.109107
0.052750
0.037149
-0.024522
0.032371
0.026570
0.069813
0.067473
0.086291
0.061476
0.100380
0.116566
0.145915
0.164635
0.211632
0.242833
0.353354
0.390162
0.493467
0.476355
0.374902
0.273742
0.024912
-0.060550
-0.192814
-0.282030
-0.411271
-0.447055
-0.547777
-0.582293
-0.492833
-0.406201
-0.289099
-0.180723
-0.098040
-0.031445
-0.002243
0.027837
0.111057
0.081172
0.078783
0.032323
0.044364
-0.001755
0.048021
0.097650
0.110374
0.127486
0.138504
0.154397
0.115445
0.150059
0.148255
0.175068
0.260238
0.354670
0.420924
0.419511
0.333805
0.210560
0.048801
-0.047143
-0.181065
-0.276277
-0.306991
-0.375683
-0.427262
-0.427360
-0.422923
-0.386652
-0.277886
-0.189840
-0.088241
-0.012237
-0.001365
0.005460
0.000731
0.048459
0.056845
0.057674
0.058454
0.041927
0.056406
0.070739
0.124122
0.149132
0.164587
0.139236
0.122709
0.105938
0.095651
0.089070
0.129729
0.169901
0.251901
0.303237
0.293633
0.245222
0.144891
0.035345
-0.079758
-0.189743
-0.222016
-0.257703
-0.261164
-0.274327
-0.295924
-0.287441
-0.262237
-0.234302
-0.191303
-0.173557
-0.111057
-0.047533
-0.001658
0.051385
0.059477
0.065864
0.090337
0.091702
0.109204
0.096431
0.095310
0.079466
0.074590
0.077321
0.086486
0.090240
0.071275
0.073859
0.060842
0.065133
0.101794
0.129436
0.172094
0.227867
0.223284
0.180918
0.113787
0.067863
-0.039635
-0.124171
-0.147036
-0.210316
-0.204758
-0.195154
-0.189011
-0.180821
-0.215337
-0.212559
-0.224551
-0.204563
-0.142209
-0.095018
-0.045291
0.013894
0.070008
0.108424
0.116761
0.125000
0.121295
0.076443
0.054066
0.056894
0.049532
0.047143
0.052311
0.054456
0.035394
0.026667
0.034858
0.043535
0.059721
0.100478
0.192180
0.316351
0.371051
0.337266
0.284370
0.152789
0.033541
-0.108814
-0.198030
-0.282810
-0.303920
-0.258629
-0.273791
-0.251804
-0.257215
-0.281396
-0.292853
-0.314206
-0.249707
-0.208073
-0.118857
0.003413
0.073957
0.126999
0.160589
0.165659
0.173264
0.152204
0.132167
0.132995
0.122709
0.131045
0.108083
0.084243
0.042658
0.000000
-0.001853
-0.016819
0.029982
0.106864
0.235667
0.327564
0.314840
0.289879
0.194325
0.079661
-0.096188
-0.177847
-0.247416
-0.274132
-0.226014
-0.225868
-0.186086
-0.202954
-0.230304
-0.252730
-0.299971
-0.266868
-0.228842
-0.162685
-0.063475
0.026667
0.102184
0.144793
0.152106
0.130704
0.111886
0.111301
0.122075
0.145183
0.159224
0.163368
0.115055
0.085023
0.044949
0.012822
0.031201
0.072202
0.201638
0.308697
0.313914
0.328003
0.242785
0.114421
-0.055626
-0.177165
-0.263212
-0.347748
-0.301970
-0.270622
-0.226160
-0.195154
-0.213534
-0.227818
-0.270037
-0.256435
-0.246929
-0.192473
-0.090094
0.004485
0.087071
0.161564
0.176141
0.161515
0.128413
0.097406
0.105792
0.121636
0.147426
0.160589
0.130460
0.123635
0.079417
0.050068
0.060842
0.109692
0.260482
0.334828
0.341897
0.324639
0.218116
0.061330
-0.107352
-0.215922
-0.351209
-0.361057
-0.331757
-0.274327
-0.221188
-0.208951
-0.191108
-0.247221
-0.277594
-0.285394
-0.277886
-0.201931
-0.087754
0.025156
0.121002
0.189986
0.194179
0.187159
0.153959
0.148645
0.143916
0.141868
0.164489
0.147865
0.139674
0.106084
0.075517
0.099600
0.151082
0.270281
0.312402
0.307381
0.290464
0.198859
0.049483
-0.104378
-0.233766
-0.366615
-0.376511
-0.336340
-0.278715
-0.215922
-0.180723
-0.172777
-0.218457
-0.246392
-0.262188
-0.272718
-0.207391
-0.118175
-0.021256
0.075907
0.144111
0.158785
0.187500
0.169559
0.176287
0.177993
0.181357
0.189401
0.170778
0.142697
0.114323
0.090435
0.106962
0.227379
0.328052
0.328783
0.329173
0.256484
0.134653
-0.062256
-0.191498
-0.305918
-0.411320
-0.370856
-0.327028
-0.247660
-0.202126
-0.173703
-0.178871
-0.234594
-0.235813
-0.243321
-0.221285
-0.155031
-0.052408
0.021353
0.114372
0.147621
0.151619
0.138553
0.117785
0.147962
0.150059
0.171802
0.188914
0.150644
0.142843
0.122367
0.116322
0.171363
0.293487
0.363153
0.345993
0.298947
0.224551
0.076297
-0.091507
-0.211291
-0.374805
-0.409126
-0.361447
-0.307186
-0.227915
-0.207781
-0.192034
-0.225819
-0.248489
-0.251511
-0.233132
-0.209633
-0.103890
-0.020720
0.062159
0.124317
0.129973
0.149083
0.140844
0.137822
0.151521
0.156689
0.182479
0.191254
0.161028
0.131825
0.092336
0.097650
0.175020
0.291585
0.349356
0.324737
0.294706
0.215679
0.056309
-0.071227
-0.191839
-0.345651
-0.368760
-0.369101
-0.321909
-0.276716
-0.256777
-0.236349
-0.255996
-0.260725
-0.224746
-0.195837
-0.151131
-0.049971
0.008678
0.077954
0.122952
0.144550
0.157859
0.139869
0.149425
0.166000
0.172728
0.192863
0.167317
0.099503
0.072738
0.041293
0.039343
0.084097
0.144257
0.198908
0.155762
0.175800
0.179797
0.105597
0.069618
0.033346
-0.063768
-0.078637
-0.113495
-0.162734
-0.183697
-0.245125
-0.267843
-0.302408
-0.331562
-0.284858
-0.261798
-0.218506
-0.130460
-0.096578
-0.032810
0.029787
0.037637
0.065084
0.074932
0.090094
0.134458
0.133873
0.164977
0.167950
0.129631
0.126706
0.108668
0.086047
0.112324
0.139918
0.204173
0.198420
0.185306
0.248732
0.198469
0.152837
0.161271
0.079709
0.016966
-0.017258
-0.107791
-0.160735
-0.225088
-0.308161
-0.345164
-0.397670
-0.398352
-0.363982
-0.344579
-0.272475
-0.209341
-0.166585
-0.080782
-0.020330
0.017258
0.076687
0.119735
0.175263
0.228744
0.251219
0.271500
0.248684
0.210901
0.183161
0.145135
0.120174
0.127486
0.136213
0.181504
0.162734
0.133775
0.167902
0.112373
0.068691
0.076736
0.011115
-0.040074
-0.063963
-0.138017
-0.187012
-0.233863
-0.298947
-0.327321
-0.355304
-0.343067
-0.307089
-0.284858
-0.226599
-0.166342
-0.130655
-0.058844
-0.000244
0.042950
0.110911
0.142404
0.181747
0.228403
0.234107
0.235082
0.213339
0.165367
0.138699
0.115981
0.094481
0.100429
0.101794
0.134702
0.165172
0.121734
0.130606
0.121051
0.077369
0.085413
0.061281
-0.007654
-0.027252
-0.078198
-0.136408
-0.181260
-0.251316
-0.284029
-0.301872
-0.315571
-0.282128
-0.263846
-0.242200
-0.185696
-0.154592
-0.111203
-0.032956
0.008288
0.067180
0.120564
0.153569
0.197299
0.212217
0.209585
0.205977
0.175653
0.153081
0.137432
0.104037
0.092239
0.081903
0.061476
0.084097
0.105402
0.089996
0.068155
0.088144
0.065766
0.052457
0.054017
0.018721
-0.034760
-0.066059
-0.111788
-0.155177
-0.187110
-0.224795
-0.236691
-0.245076
-0.233034
-0.209633
-0.199444
-0.176726
-0.138699
-0.107937
-0.057576
-0.005899
0.040415
0.091946
0.125683
0.156006
0.170242
0.170583
0.167073
0.155177
0.131825
0.115250
0.091361
0.071178
0.054553
0.034419
0.027837
0.028325
0.036661
0.054017
0.065815
0.047874
0.053432
0.068838
0.043145
0.026765
0.028715
-0.008873
-0.044169
-0.068155
-0.110131
-0.132849
-0.157664
-0.175556
-0.176726
-0.178042
-0.165659
-0.150741
-0.138992
-0.104232
-0.073518
-0.044364
0.001463
0.031152
0.057235
0.087656
0.105060
0.120222
0.125341
0.125878
0.130996
0.109546
0.092775
0.083122
0.050117
0.037149
0.024327
0.000585
-0.007849
-0.017648
-0.022133
-0.004290
0.001121
0.017209
0.042365
0.033590
0.046314
0.062402
0.048118
0.051580
0.043487
0.004875
-0.010384
-0.038563
-0.060014
-0.071665
-0.095408
-0.102769
-0.109351
-0.124512
-0.116030
-0.114762
-0.115737
-0.090581
-0.081172
-0.065133
-0.031591
-0.009897
0.015991
0.046217
0.065571
0.087997
0.097601
0.095261
0.103695
0.092336
0.074834
0.057137
0.037978
0.017063
-0.003754
-0.029495
-0.039928
-0.049044
-0.050848
-0.040513
-0.028422
-0.008190
0.020817
0.042317
0.071373
0.083366
0.108814
0.123927
0.100527
0.114713
0.090874
0.052945
0.020086
-0.012871
-0.046022
-0.083268
-0.111788
-0.130265
-0.151229
-0.161271
-0.162393
-0.150595
-0.142307
-0.121734
-0.092872
-0.062256
-0.033005
0.000244
0.029836
0.059429
0.068301
0.096334
0.098040
-0.108619
0.090435
0.113787
0.045924
0.061037
0.027301
0.027399
0.009458
-0.016332
-0.007508
-0.076833
-0.081611
-0.039050
-0.002096
0.019160
0.054895
0.116420
0.175848
0.165805
0.197689
0.192765
0.170534
0.145671
0.125634
0.087559
0.010823
-0.057332
-0.097504
-0.137919
-0.178822
-0.220505
-0.252584
-0.269403
-0.273255
-0.264284
-0.223138
-0.170339
-0.116663
-0.076248
-0.026862
0.030177
0.056552
0.068594
0.079612
0.096968
0.156299
0.176043
0.198177
0.177652
0.150936
0.126706
0.099405
0.115445
0.199883
0.293048
0.454612
0.290659
0.213485
0.021597
-0.131435
-0.080928
-0.131630
-0.155421
-0.214850
-0.411515
-0.426433
-0.300166
-0.222065
-0.040952
-0.076199
-0.156884
-0.149035
-0.122660
-0.067131
0.021305
-0.075614
-0.081903
-0.140942
-0.074103
0.039684
0.146695
0.173801
0.214996
0.155811
0.184087
0.140064
0.017892
-0.049044
-0.181455
-0.175458
-0.155909
-0.121344
-0.051970
-0.003559
0.063426
0.255070
0.374561
0.744930
1.000000
0.597699
0.385043
-0.044413
-0.242736
-0.149278
-0.281786
-0.429505
-0.507410
-0.712851
-0.440766
-0.180090
-0.040074
0.119150
-0.052506
-0.214362
-0.180041
-0.188621
-0.124756
-0.106377
-0.274327
-0.201004
-0.114080
0.137871
0.387237
0.457635
0.397913
0.340337
0.201004
0.171119
-0.005704
-0.057381
-0.243370
-0.387773
-0.422826
-0.227038
-0.120027
0.007605
0.056309
0.253413
0.630606
0.934380
0.962266
0.627340
0.216751
-0.187256
-0.261408
-0.259165
-0.247270
-0.379193
-0.507898
-0.517794
-0.254631
0.020573
0.122757
0.096431
-0.131582
-0.246295
-0.310160
-0.285491
-0.279836
-0.295242
-0.310160
-0.132849
0.079758
0.385530
0.509360
0.517453
0.381582
0.267209
0.159321
0.065279
-0.047679
-0.221431
-0.352720
-0.377438
-0.299044
-0.145427
-0.011408
0.040464
0.153520
0.288173
0.619150
0.852087
0.812793
0.434526
0.020281
-0.333317
-0.353159
-0.237276
-0.180480
-0.228403
-0.325663
-0.299288
-0.100575
0.109399
0.112715
0.005216
-0.273791
-0.375000
-0.410443
-0.358863
-0.302847
-0.255948
-0.212071
0.020378
0.221870
0.479037
0.546168
0.475770
0.292268
0.134165
-0.003510
-0.080879
-0.157810
-0.280226
-0.328003
-0.280957
-0.139967
0.008044
0.103062
0.100137
0.132362
0.193106
0.376219
0.723186
0.811476
0.464509
0.036125
-0.258532
-0.370320
-0.146695
-0.126316
-0.130753
-0.213144
-0.279154
-0.112715
0.046363
0.049288
-0.031543
-0.292609
-0.473381
-0.453296
-0.358424
-0.234058
-0.134409
-0.119735
0.035833
0.212607
0.397523
0.528812
0.438963
0.297094
0.120320
-0.034565
-0.123489
-0.197640
-0.230792
-0.258580
-0.224795
-0.114177
0.011018
0.082976
0.091605
0.072153
0.085023
0.191936
0.345944
0.617151
0.775644
0.386164
0.083512
-0.208902
-0.263992
-0.056601
-0.093848
-0.132167
-0.256825
-0.333220
-0.199395
-0.040172
-0.054748
-0.092287
-0.328832
-0.421802
-0.366761
-0.258434
-0.148791
-0.075907
-0.081465
0.079563
0.230255
0.401960
0.474210
0.371490
0.211876
0.066400
-0.032030
-0.076784
-0.137871
-0.212071
-0.248196
-0.236106
-0.128559
-0.025254
0.019013
0.035199
0.035443
0.102867
0.202954
0.320447
0.454514
0.708073
0.556601
0.240298
0.035443
-0.250439
-0.093799
-0.133532
-0.192960
-0.289294
-0.386603
-0.329856
-0.079758
-0.064499
-0.065376
-0.214216
-0.354427
-0.352233
-0.266624
-0.192863
-0.098723
-0.083317
0.030909
0.196470
0.335852
0.444618
0.402594
0.266478
0.114323
0.047484
-0.023840
-0.106328
-0.237520
-0.330099
-0.295729
-0.188378
-0.052750
0.018379
0.010482
0.036905
0.070788
0.170876
0.283493
0.385482
0.563621
0.727672
0.438280
0.198323
-0.081952
-0.207635
-0.134214
-0.171412
-0.246344
-0.303091
-0.382264
-0.254241
-0.097358
-0.113300
-0.101550
-0.281835
-0.325907
-0.300946
-0.214557
-0.140601
-0.065084
-0.047143
0.108717
0.244150
0.381874
0.433259
0.361837
0.246734
0.109838
0.009799
-0.063621
-0.233278
-0.278276
-0.333317
-0.264626
-0.130411
-0.059380
-0.013358
0.039099
0.050800
0.171997
0.218409
0.268672
0.347845
0.527740
0.702174
0.440571
0.182869
-0.062500
-0.196714
-0.114031
-0.179456
-0.253900
-0.325614
-0.419121
-0.298703
-0.143574
-0.150010
-0.139577
-0.280762
-0.319277
-0.249025
-0.148255
-0.080246
-0.014187
-0.012334
0.111934
0.246100
0.358814
0.401521
0.341995
0.189743
0.095359
-0.002291
-0.071812
-0.175995
-0.288027
-0.312695
-0.269940
-0.167024
-0.068009
-0.023645
0.004778
0.067570
0.137822
0.233863
0.287734
0.367200
0.581221
0.676580
0.425361
0.183502
-0.053286
-0.079076
-0.088777
-0.179895
-0.287929
-0.372416
-0.436184
-0.299044
-0.216751
-0.169998
-0.168292
-0.264284
-0.271841
-0.193984
-0.101355
-0.050995
-0.025449
0.000634
0.115786
0.219335
0.353208
0.374610
0.326638
0.217921
0.119881
0.034955
-0.051482
-0.183746
-0.272182
-0.318545
-0.277886
-0.195837
-0.109546
-0.074152
-0.011652
0.042219
0.139967
0.247514
0.311184
0.387237
0.557771
0.614080
0.460316
0.258532
0.002243
-0.039635
-0.086973
-0.169998
-0.283590
-0.414245
-0.450956
-0.356474
-0.283639
-0.226745
-0.218750
-0.252584
-0.241468
-0.176775
-0.094871
-0.039294
-0.018331
0.023157
0.106767
0.205879
0.311427
0.341849
0.319569
0.260140
0.190425
0.104963
-0.002096
-0.129436
-0.237715
-0.293243
-0.287198
-0.245807
-0.208317
-0.161320
-0.081172
-0.000780
0.109984
0.203101
0.279446
0.349649
0.486983
0.623976
0.530909
0.341751
0.162003
0.057820
0.026034
-0.108376
-0.228257
-0.363202
-0.441449
-0.426385
-0.368857
-0.342531
-0.278471
-0.302018
-0.283785
-0.228354
-0.119735
-0.039879
0.019111
0.046558
0.112958
0.170096
0.242005
0.290659
0.295096
0.254388
0.214704
0.139333
0.100332
0.015211
-0.060306
-0.138992
-0.193253
-0.215727
-0.210755
-0.194764
-0.149961
-0.101063
-0.036661
0.046607
0.130850
0.203344
0.290220
0.392746
0.387627
0.324980
0.267989
0.224698
0.193058
0.104329
0.008190
-0.119686
-0.213631
-0.258629
-0.277594
-0.294316
-0.299434
-0.328686
-0.335511
-0.307527
-0.230987
-0.181260
-0.127194
-0.071714
-0.016381
0.035053
0.099161
0.153764
0.185062
0.187793
0.180577
0.170388
0.153715
0.126365
0.092775
0.050166
0.013602
-0.016819
-0.036808
-0.048898
-0.061769
-0.072884
-0.062012
-0.045388
-0.007410
0.041732
0.086486
0.165952
0.182430
0.173021
0.234984
0.247709
0.208805
0.202077
0.102720
0.014187
-0.034419
-0.085950
-0.124317
-0.180772
-0.256582
-0.279495
-0.320593
-0.311232
-0.275205
-0.279836
-0.246880
-0.197592
-0.171948
-0.081026
-0.001463
0.057235
0.120222
0.147718
0.183259
0.206416
0.204222
0.212754
0.186671
0.133337
0.112520
0.077662
0.048801
0.018038
-0.017843
-0.051628
-0.054797
-0.046509
-0.013651
0.010920
0.057332
0.117590
0.098918
0.125439
0.188914
0.172728
0.141673
0.119345
0.041975
-0.036759
-0.061817
-0.098138
-0.150497
-0.206172
-0.253900
-0.267551
-0.285199
-0.244686
-0.223479
-0.218555
-0.180431
-0.134117
-0.085365
-0.010384
0.039245
0.092092
0.118467
0.139138
0.172679
0.170583
0.161856
0.171802
0.130460
0.102964
0.087168
0.044657
0.033980
0.011262
-0.023206
-0.037246
-0.045096
-0.032518
-0.006435
0.004339
0.062695
0.124025
0.112471
0.143526
0.195300
0.177798
0.149717
0.122221
0.042609
-0.007459
-0.064743
-0.106669
-0.148352
-0.202077
-0.245515
-0.269501
-0.289782
-0.247075
-0.231230
-0.223235
-0.175556
-0.134604
-0.088924
-0.010677
0.040123
0.083610
0.109497
0.127194
0.166098
0.173898
0.164635
0.166975
0.142746
0.108327
0.084000
0.056601
0.040074
0.013602
-0.019452
-0.038904
-0.045242
-0.037393
-0.024083
-0.003510
0.034419
0.095749
0.114177
0.112178
0.165464
0.170534
0.140844
0.133824
0.073518
-0.000244
-0.048118
-0.089362
-0.125049
-0.177165
-0.223771
-0.238933
-0.264479
-0.254631
-0.229914
-0.223186
-0.186330
-0.145232
-0.109887
-0.035930
0.017356
0.058502
0.098186
0.115493
0.144013
0.158395
0.155470
0.167073
0.149425
0.109253
0.087851
0.060989
0.036418
0.015064
-0.014041
-0.028130
-0.033688
-0.038173
-0.019940
-0.002243
0.033005
0.093506
0.139723
0.115006
0.149473
0.175458
0.165903
0.152252
0.097114
0.010189
-0.032030
-0.074639
-0.107693
-0.152691
-0.199737
-0.229183
-0.268038
-0.282323
-0.232498
-0.220700
-0.198518
-0.152642
-0.126414
-0.072202
-0.001268
0.048849
0.094871
0.112324
0.129046
0.155957
0.159565
0.172143
0.151326
0.119540
0.103159
0.064791
0.034468
0.021987
-0.011603
-0.027009
-0.040025
-0.050263
-0.032030
-0.015893
0.015259
0.061379
0.111983
0.130363
0.117053
0.167560
0.176043
0.141722
0.144257
0.081026
-0.000390
-0.046607
-0.091117
-0.121002
-0.168243
-0.227087
-0.248391
-0.271987
-0.272572
-0.241663
-0.228988
-0.187305
-0.148401
-0.116517
-0.038660
0.022475
0.060696
0.106279
0.126219
0.155519
0.177993
0.177945
0.171363
0.139138
0.118467
0.091069
0.051580
0.032713
-0.006289
-0.039782
-0.042999
-0.053237
-0.043828
-0.027106
-0.014674
0.023108
0.066205
0.127243
0.130168
0.127096
0.176872
0.168243
0.142209
0.144257
0.074054
0.005606
-0.042317
-0.101209
-0.133873
-0.181455
-0.226940
-0.250634
-0.281981
-0.264626
-0.245222
-0.236642
-0.187695
-0.144257
-0.098235
-0.029056
0.022572
0.066400
0.105889
0.129241
0.160443
0.176628
0.165464
0.157761
0.133483
0.098723
0.079709
0.054651
0.026082
-0.006484
-0.026131
-0.033103
-0.038904
-0.032761
-0.003071
0.019501
0.060550
0.123391
0.127535
0.123781
0.164343
0.186866
0.142989
0.145768
0.122514
0.001560
-0.065913
-0.160735
-0.201833
-0.247757
-0.242882
-0.250926
-0.249171
-0.275839
-0.248245
-0.237861
-0.187695
-0.127291
-0.046217
0.018965
0.069179
0.099210
0.150839
0.185452
0.224064
0.263114
0.245807
0.161954
0.102525
0.010287
-0.004388
-0.044023
-0.073567
-0.103062
-0.162246
-0.155957
-0.130753
-0.067521
0.040610
0.136018
0.252535
0.448079
0.438475
0.355840
0.219140
0.058502
0.064109
-0.061330
-0.016576
-0.089557
-0.215045
-0.278032
-0.306065
-0.326833
-0.242931
-0.245125
-0.217190
-0.249415
-0.275692
-0.241030
-0.228744
-0.111593
0.019062
0.107644
0.204124
0.259214
0.280519
0.312549
0.302847
0.299142
0.229232
0.122952
-0.015844
-0.147426
-0.252779
-0.269257
-0.264674
-0.216702
-0.175361
-0.135482
-0.060062
0.002340
0.110813
0.202174
0.285345
0.362666
0.522231
0.600868
0.453247
0.304651
0.030909
-0.036661
-0.165025
-0.127291
-0.105255
-0.209682
-0.251755
-0.349161
-0.389187
-0.388017
-0.345261
-0.315133
-0.273401
-0.270330
-0.227720
-0.175215
-0.085462
0.079514
0.211193
0.353890
0.422582
0.408249
0.339216
0.248927
0.177360
0.113397
0.000390
-0.084243
-0.215337
-0.305528
-0.311379
-0.310891
-0.202467
-0.123489
-0.038222
0.023303
0.048118
0.115493
0.186720
0.280275
0.423508
0.624122
0.597991
0.490103
0.262919
-0.003071
-0.085901
-0.229280
-0.153861
-0.167073
-0.209292
-0.265503
-0.402594
-0.433990
-0.472114
-0.405226
-0.315084
-0.245076
-0.176580
-0.136359
-0.114031
-0.021548
0.105353
0.238787
0.384360
0.436964
0.429553
0.332635
0.216946
0.127438
0.021938
-0.051043
-0.126268
-0.218067
-0.265649
-0.306552
-0.285443
-0.221870
-0.141137
-0.021353
0.047679
0.108132
0.167073
0.222114
0.305333
0.457878
0.630558
0.592629
0.505509
0.230987
-0.021792
-0.165805
-0.342482
-0.225137
-0.235082
-0.205099
-0.212997
-0.346675
-0.394013
-0.483668
-0.438621
-0.367248
-0.267453
-0.113690
-0.049483
0.005168
0.053237
0.110423
0.206660
0.324590
0.397913
0.410101
0.355889
0.238592
0.117443
-0.040367
-0.136944
-0.209877
-0.252096
-0.232011
-0.244247
-0.186817
-0.170924
-0.117151
-0.039392
0.019647
0.131728
0.204027
0.288465
0.377096
0.506045
0.590337
0.517697
0.408444
0.146646
-0.022962
-0.215337
-0.292755
-0.254046
-0.298167
-0.202028
-0.250341
-0.311427
-0.375780
-0.464899
-0.408249
-0.374610
-0.221480
-0.088485
-0.003413
0.090094
0.116712
0.164830
0.218604
0.289392
0.338095
0.347309
0.309331
0.231328
0.088485
-0.053140
-0.158834
-0.249220
-0.256630
-0.246197
-0.202028
-0.156786
-0.116420
-0.075127
-0.036515
0.031543
0.107742
0.209195
0.323128
0.485033
0.608912
0.592092
0.508873
0.271743
0.074785
-0.136652
-0.300020
-0.275205
-0.318058
-0.260384
-0.234887
-0.292560
-0.322835
-0.431065
-0.429456
-0.420486
-0.334438
-0.159370
-0.062012
0.058161
0.120954
0.144550
0.195593
0.227428
0.300751
0.335998
0.339704
0.319277
0.208171
0.073518
-0.069715
-0.206903
-0.282274
-0.285248
-0.245271
-0.179943
-0.128754
-0.086486
-0.054115
-0.025254
0.044998
0.145768
0.268623
0.447055
0.585170
0.604670
0.540123
0.354768
0.162685
-0.040562
-0.220018
-0.247514
-0.272182
-0.238592
-0.218409
-0.281835
-0.315133
-0.426190
-0.458463
-0.439353
-0.378900
-0.222358
-0.122952
-0.009799
0.058844
0.095164
0.149035
0.181211
0.251560
0.313768
0.343457
0.330831
0.256630
0.137432
-0.003266
-0.108522
-0.200614
-0.224308
-0.212656
-0.164782
-0.118809
-0.105499
-0.068204
-0.054943
0.007557
0.119247
0.228110
0.423508
0.534126
0.564791
0.507313
0.312500
0.141332
-0.057040
-0.167560
-0.196227
-0.236203
-0.208658
-0.236788
-0.280519
-0.344286
-0.429748
-0.422972
-0.401814
-0.326151
-0.196373
-0.110472
-0.031396
0.011895
0.054017
0.100770
0.180528
0.270671
0.337851
0.376658
0.337120
0.261944
0.124610
-0.001365
-0.092141
-0.177311
-0.168828
-0.179066
-0.149473
-0.140308
-0.142502
-0.103159
-0.086193
0.013797
0.143136
0.280957
0.447592
0.511457
0.515016
0.428725
0.283834
0.136505
-0.041049
-0.107303
-0.155665
-0.216410
-0.227087
-0.291000
-0.350478
-0.401814
-0.424824
-0.400205
-0.338729
-0.255168
-0.197055
-0.152057
-0.086340
-0.037295
0.010043
0.121929
0.234984
0.316741
0.365396
0.349503
0.308649
0.193350
0.111886
0.048508
-0.028227
-0.044949
-0.119686
-0.155665
-0.185794
-0.220603
-0.180236
-0.144988
-0.042658
0.061769
0.166244
0.318789
0.398011
0.431699
0.409419
0.368418
0.272231
0.148888
0.050653
-0.074152
-0.133580
-0.216800
-0.275887
-0.319764
-0.362715
-0.365688
-0.370661
-0.353403
-0.318740
-0.286661
-0.239128
-0.194862
-0.121051
-0.047923
0.041878
0.142307
0.213339
0.288222
0.294901
0.299239
0.285540
0.229475
0.182235
0.105158
0.045096
-0.040367
-0.107108
-0.148450
-0.182137
-0.168438
-0.146256
-0.081855
0.002779
0.118662
0.247514
0.334828
0.382995
0.375341
0.334000
0.218848
0.152691
0.077613
-0.028715
-0.093896
-0.202759
-0.268477
-0.332196
-0.348576
-0.320252
-0.327711
-0.303627
-0.300361
-0.281250
-0.241810
-0.181211
-0.127291
-0.049288
0.057527
0.109692
0.170876
0.204076
0.240298
0.257362
0.247952
0.250536
0.192131
0.132849
0.061232
-0.015406
-0.058795
-0.105109
-0.125975
-0.135335
-0.118711
-0.085706
-0.006191
0.106718
0.215825
0.286028
0.311671
0.302798
0.261067
0.231523
