0.001304
0.003418
0.004566
0.006568
0.009012
0.010600
0.012492
0.015273
0.017584
0.020717
0.025300
0.030977
0.035203
0.038772
0.040964
0.043578
0.045100
0.045232
0.048295
0.051972
0.056942
0.061961
0.067969
0.074386
0.080446
0.085430
0.089607
0.093087
0.095860
0.097595
0.098108
0.098547
0.099142
0.099753
0.100240
0.100739
0.101330
0.101664
0.101879
0.102646
0.103357
0.104175
0.105514
0.106648
0.108254
0.110395
0.113546
0.117321
0.121182
0.126134
0.132578
0.139975
0.146259
0.151545
0.153804
0.154883
0.156123
0.157412
0.161026
0.166977
0.174396
0.182279
0.190719
0.197871
0.204096
0.209426
0.213802
0.216437
0.218113
0.218383
0.218963
0.219817
0.220613
0.221266
0.222411
0.223878
0.224622
0.225365
0.226039
0.226698
0.228291
0.230268
0.232054
0.234062
0.236072
0.238975
0.242388
0.247535
0.253412
0.261049
0.267410
0.272616
0.276565
0.278582
0.279245
0.280841
0.284685
0.290741
0.298280
0.306660
0.315115
0.323305
0.329649
0.335133
0.339215
0.342298
0.343515
0.344015
0.344738
0.346515
0.347374
0.347979
0.348378
0.348905
0.349338
0.350475
0.351573
0.352979
0.353980
0.355614
0.357512
0.359889
0.362570
0.366016
0.369970
0.375724
0.382078
0.390113
0.397870
0.403975
0.408433
0.408839
0.409825
0.412965
0.417557
0.424255
0.431534
0.440455
0.449937
0.457962
0.464577
0.469285
0.472227
0.473824
0.474336
0.474373
0.474826
0.476634
0.477956
0.479239
0.479765
0.480488
0.480516
0.481298
0.482889
0.484686
0.486762
0.489017
0.491532
0.493412
0.495855
0.498269
0.501120
0.505358
0.511133
0.517988
0.524819
0.530255
0.533684
0.534478
0.535246
0.538195
0.542694
0.547693
0.553810
0.560768
0.567727
0.574614
0.580911
0.585436
0.588527
0.589964
0.590163
0.590185
0.590274
0.590286
0.591075
0.592001
0.592940
0.593892
0.594575
0.595493
0.596645
0.598667
0.601095
0.603775
0.606043
0.608041
0.609766
0.611324
0.612774
0.614886
0.617653
0.621755
0.626693
0.631475
0.635468
0.637827
0.638403
0.639702
0.642792
0.646407
0.650603
0.654856
0.659323
0.664142
0.668823
0.673093
0.676909
0.680024
0.682850
0.684659
0.685433
0.685460
0.686297
0.687265
0.688338
0.689809
0.691302
0.693080
0.694651
0.696203
0.697497
0.698711
0.699970
0.701379
0.702848
0.704009
0.705212
0.706202
0.705960
0.705502
0.706463
0.707263
0.708529
0.710578
0.711632
0.710704
0.709498
0.707010
0.704450
0.701166
0.700366
0.700131
0.701117
0.701580
0.703003
0.706378
0.706776
0.706756
0.705116
0.702413
0.697952
0.692274
0.686439
0.682595
0.680184
0.678605
0.677868
0.678108
0.678840
0.679282
0.679613
0.679809
0.680089
0.680442
0.680738
0.680981
0.681200
0.681001
0.680998
0.681153
0.681450
0.683445
0.686991
0.690892
0.693233
0.694089
0.692716
0.688310
0.683638
0.679466
0.677787
0.677450
0.679402
0.682782
0.685643
0.688542
0.689510
0.688328
0.686026
0.682210
0.677158
0.671942
0.665772
0.661646
0.659338
0.659318
0.660340
0.662891
0.664790
0.666088
0.667458
0.668802
0.669792
0.670085
0.670713
0.670664
0.669991
0.669361
0.668043
0.666553
0.666508
0.668338
0.671662
0.673886
0.675193
0.673210
0.668631
0.662560
0.659095
0.657918
0.658434
0.660097
0.663112
0.664546
0.664007
0.661701
0.658278
0.654782
0.650673
0.646209
0.642515
0.638065
0.634417
0.632997
0.634138
0.636116
0.637521
0.637566
0.638520
0.639903
0.641868
0.643933
0.646161
0.646898
0.647183
0.646510
0.645718
0.644591
0.643869
0.644776
0.647122
0.648788
0.650175
0.648374
0.643884
0.636754
0.631882
0.630063
0.631268
0.635780
0.639201
0.639744
0.638329
0.635109
0.631539
0.627016
0.621710
0.617706
0.614225
0.610985
0.608115
0.607936
0.610055
0.612887
0.615064
0.615346
0.615611
0.616050
0.617505
0.619183
0.621769
0.623112
0.623535
0.623031
0.621770
0.620506
0.619778
0.622139
0.625148
0.628302
0.630737
0.630051
0.625274
0.620168
0.616853
0.617136
0.619587
0.624195
0.627894
0.628548
0.627451
0.625564
0.623472
0.621035
0.618723
0.616362
0.613353
0.610257
0.607576
0.608109
0.611004
0.614143
0.617102
0.619597
0.621229
0.622647
0.624018
0.625744
0.627470
0.628826
0.629401
0.628610
0.627803
0.627583
0.629717
0.632806
0.636086
0.639259
0.641047
0.639740
0.638673
0.638378
0.639410
0.640759
0.642243
0.644422
0.647363
0.649007
0.648731
0.648673
0.648489
0.648505
0.648479
0.647037
0.644281
0.640357
0.637777
0.637009
0.636768
0.638013
0.640000
0.642844
0.644906
0.646890
0.648902
0.650212
0.651042
0.651126
0.651028
0.651218
0.653627
0.657754
0.661849
0.665801
0.668508
0.669540
0.669351
0.671479
0.675400
0.680440
0.684371
0.686894
0.687217
0.686872
0.686755
0.687814
0.690530
0.693724
0.695664
0.696874
0.695973
0.693492
0.690662
0.689447
0.688906
0.687868
0.686663
0.684925
0.684003
0.684131
0.685381
0.687720
0.689947
0.691133
0.691360
0.691353
0.692108
0.694912
0.699581
0.704334
0.708276
0.711126
0.711601
0.712239
0.714793
0.720320
0.726548
0.731866
0.736160
0.738899
0.740646
0.740644
0.739169
0.737174
0.735777
0.734943
0.735868
0.737014
0.735579
0.733367
0.730786
0.727953
0.726170
0.724005
0.722148
0.720427
0.718397
0.716599
0.714597
0.713153
0.711911
0.711479
0.713014
0.714660
0.717340
0.720414
0.723004
0.724982
0.726015
0.724780
0.723774
0.724900
0.728395
0.732640
0.737278
0.741826
0.746332
0.750483
0.754058
0.757738
0.760244
0.760066
0.757921
0.755255
0.751348
0.748325
0.748298
0.748733
0.748191
0.746733
0.744546
0.743299
0.742324
0.742107
0.741942
0.740917
0.738422
0.734721
0.731048
0.727962
0.726682
0.727998
0.730803
0.731675
0.732180
0.732631
0.732222
0.731534
0.730264
0.729315
0.728231
0.727487
0.727476
0.728594
0.731201
0.734831
0.739547
0.744438
0.747901
0.748880
0.747412
0.744424
0.740656
0.737236
0.735858
0.735565
0.733740
0.730674
0.726478
0.723751
0.721524
0.720527
0.720084
0.718718
0.717072
0.714444
0.711669
0.709477
0.708621
0.710479
0.713637
0.715237
0.716656
0.717020
0.716879
0.717414
0.717126
0.715679
0.713979
0.713334
0.713336
0.714877
0.717882
0.722210
0.727870
0.733366
0.737507
0.738876
0.737861
0.735703
0.733129
0.730892
0.730225
0.728758
0.726490
0.722721
0.719695
0.718018
0.717642
0.718461
0.719108
0.719430
0.718387
0.716230
0.713540
0.711090
0.710020
0.711547
0.713787
0.713995
0.713636
0.712303
0.710374
0.709117
0.706877
0.705186
0.703918
0.703487
0.704124
0.705658
0.708798
0.712899
0.717063
0.720189
0.720789
0.720340
0.719025
0.717003
0.715893
0.716045
0.714349
0.711242
0.707078
0.703266
0.700748
0.699929
0.700225
0.701110
0.701771
0.700906
0.699153
0.696772
0.693869
0.692128
0.691861
0.693708
0.695162
0.694798
0.694339
0.693257
0.691755
0.690276
0.688375
0.685546
0.682906
0.681398
0.681296
0.682386
0.685006
0.687889
0.689102
0.688899
0.688139
0.687075
0.686843
0.687674
0.689178
0.687870
0.683425
0.676862
0.671917
0.668555
0.667023
0.666944
0.667571
0.668071
0.667605
0.666626
0.665156
0.663791
0.662960
0.663609
0.664595
0.663734
0.662699
0.661946
0.661156
0.660348
0.659373
0.658001
0.656057
0.653861
0.651712
0.649952
0.649036
0.648962
0.648698
0.646966
0.644713
0.642933
0.642056
0.642194
0.644365
0.646123
0.645560
0.641715
0.636810
0.631862
0.626956
0.623903
0.622016
0.620936
0.619799
0.618525
0.617207
0.616131
0.615245
0.615699
0.617239
0.617714
0.616849
0.615621
0.613754
0.611913
0.610130
0.608260
0.606588
0.604688
0.602353
0.600601
0.599576
0.598775
0.597620
0.595238
0.590634
0.585664
0.581486
0.578480
0.577132
0.578782
0.580481
0.580235
0.577506
0.574198
0.570642
0.567664
0.564855
0.561871
0.558744
0.554600
0.550861
0.548133
0.546372
0.545621
0.546765
0.548665
0.549446
0.549577
0.549007
0.547947
0.547023
0.545406
0.543307
0.540891
0.537760
0.535163
0.533830
0.533006
0.532403
0.531781
0.530692
0.529032
0.526340
0.524558
0.522712
0.520567
0.519688
0.519262
0.518798
0.517929
0.517277
0.516406
0.514923
0.513485
0.511167
0.508586
0.505689
0.502179
0.499409
0.497031
0.494948
0.494145
0.493633
0.493613
0.493289
0.492937
0.492630
0.492477
0.492443
0.491843
0.491214
0.490216
0.488985
0.488092
0.486960
0.485808
0.484685
0.482917
0.481119
0.478444
0.476012
0.473822
0.470432
0.467663
0.465307
0.463020
0.462411
0.463297
0.464374
0.464390
0.463791
0.461762
0.458612
0.454471
0.448858
0.442698
0.436981
0.432119
0.429038
0.427449
0.426858
0.428005
0.430300
0.432663
0.433867
0.434234
0.433363
0.431150
0.428073
0.424189
0.420144
0.417195
0.415180
0.413929
0.413541
0.413061
0.412612
0.411129
0.410332
0.408902
0.407161
0.405776
0.405104
0.404008
0.404093
0.403563
0.403772
0.402854
0.400444
0.396670
0.392114
0.387678
0.383788
0.381065
0.378764
0.377345
0.376794
0.376862
0.377106
0.378194
0.379616
0.379093
0.378220
0.377489
0.376775
0.375968
0.375746
0.376031
0.376944
0.378701
0.380746
0.382491
0.383727
0.383991
0.383575
0.381819
0.379621
0.378559
0.377549
0.376875
0.377194
0.378348
0.380217
0.383319
0.385768
0.386953
0.386795
0.385462
0.383249
0.381879
0.381736
0.384000
0.384139
0.383319
0.379726
0.378843
0.377643
0.377976
0.379970
0.383334
0.388941
0.393922
0.396309
0.396712
0.393923
0.391751
0.390952
0.390518
0.390023
0.388878
0.387531
0.387260
0.387260
0.388554
0.388391
0.387321
0.388245
0.389965
0.392031
0.393497
0.395640
0.397042
0.397028
0.397261
0.399140
0.400177
0.400189
0.399118
0.396303
0.392507
0.389549
0.389908
0.392594
0.401476
0.414883
0.422357
0.426870
0.426655
0.430512
0.432285
0.435376
0.440324
0.446046
0.454882
0.459282
0.459494
0.457619
0.457413
0.456391
0.458394
0.460167
0.462350
0.463821
0.465100
0.469106
0.471782
0.472760
0.473934
0.479460
0.486042
0.491401
0.496240
0.499078
0.501396
0.501345
0.501560
0.504413
0.508934
0.513656
0.514786
0.513882
0.511128
0.509146
0.510575
0.518389
0.531341
0.545313
0.554332
0.557139
0.560165
0.563914
0.567202
0.569802
0.574266
0.580579
0.586969
0.589066
0.587268
0.587483
0.587543
0.588332
0.591526
0.595972
0.600225
0.604772
0.609452
0.614216
0.616019
0.617248
0.623507
0.631522
0.639258
0.644925
0.648522
0.650100
0.650380
0.650316
0.653214
0.658878
0.664855
0.669097
0.670488
0.669507
0.668612
0.669438
0.672350
0.680405
0.692391
0.703758
0.708949
0.707805
0.711911
0.716601
0.719950
0.722728
0.726187
0.730738
0.734543
0.734748
0.734940
0.735225
0.733621
0.736576
0.741464
0.747217
0.752442
0.757096
0.761203
0.764176
0.763858
0.766672
0.773645
0.781879
0.789164
0.793790
0.795635
0.795003
0.795158
0.796371
0.799162
0.802485
0.805423
0.805834
0.804486
0.805302
0.806605
0.808551
0.810946
0.815717
0.825673
0.836766
0.841867
0.839829
0.841395
0.844973
0.845044
0.845119
0.845736
0.848193
0.852201
0.854033
0.854302
0.854137
0.853538
0.856734
0.862847
0.868459
0.872823
0.874782
0.876223
0.877179
0.877318
0.880334
0.886653
0.894998
0.902024
0.905611
0.906241
0.906168
0.908145
0.911051
0.913916
0.916231
0.917028
0.916187
0.913147
0.911359
0.910074
0.908877
0.908216
0.909915
0.915372
0.924489
0.935532
0.939574
0.938022
0.937833
0.938019
0.934554
0.931632
0.929481
0.930029
0.932682
0.934029
0.933441
0.933895
0.934907
0.939341
0.945092
0.949768
0.952398
0.952276
0.950645
0.948744
0.947147
0.948439
0.952921
0.959024
0.963194
0.963389
0.959698
0.952817
0.949334
0.948103
0.951205
0.953106
0.955633
0.955583
0.953463
0.950274
0.944146
0.937779
0.934566
0.934255
0.938806
0.944967
0.953943
0.960580
0.962495
0.961979
0.965710
0.966007
0.966847
0.967694
0.971199
0.976848
0.979831
0.978299
0.975848
0.974376
0.974866
0.978357
0.983802
0.987345
0.987530
0.986281
0.985099
0.983626
0.985979
0.991390
0.997598
1.000000
0.998240
0.987971
0.972460
0.963115
0.958577
0.961721
0.963144
0.965529
0.964008
0.957872
0.949909
0.938471
0.931895
0.930115
0.932245
0.934921
0.940343
0.946031
0.954949
0.959014
0.960212
0.959814
0.958728
0.957641
0.958574
0.960341
0.958970
0.957743
0.955403
0.951447
0.950018
0.948886
0.953382
0.957755
0.958693
0.955872
0.951276
0.948639
0.947452
0.949098
0.952157
0.954249
0.951035
0.941712
0.930060
0.921633
0.918263
0.916250
0.915792
0.916103
0.917504
0.915638
0.909491
0.902026
0.898098
0.898399
0.897227
0.898458
0.899872
0.900236
0.900850
0.904795
0.911672
0.914039
0.911966
0.910820
0.912725
0.908304
0.902932
0.898640
0.897728
0.900202
0.902472
0.903747
0.905413
0.904080
0.902908
0.901961
0.901147
0.901193
0.902314
0.901886
0.899587
0.896717
0.890642
0.882610
0.875912
0.874406
0.877165
0.873290
0.867577
0.864882
0.864809
0.865780
0.865569
0.865091
0.866173
0.865499
0.864049
0.864041
0.860683
0.856821
0.853946
0.852787
0.853835
0.859132
0.866696
0.873291
0.872666
0.865733
0.858127
0.851825
0.849995
0.852499
0.858506
0.864292
0.866592
0.865559
0.862986
0.861151
0.863175
0.867471
0.868952
0.868971
0.867646
0.864916
0.858800
0.848909
0.839267
0.837454
0.842966
0.844075
0.841593
0.841157
0.839669
0.838378
0.837900
0.837786
0.841138
0.844908
0.847294
0.848565
0.845007
0.837488
0.830794
0.827237
0.827456
0.830335
0.834691
0.843190
0.849728
0.850750
0.846349
0.839237
0.835045
0.834502
0.836707
0.839314
0.842841
0.846427
0.848021
0.848979
0.850812
0.854195
0.856957
0.859397
0.861101
0.861261
0.858776
0.853441
0.843768
0.832876
0.829940
0.833651
0.835816
0.836721
0.840036
0.841609
0.841166
0.837017
0.833699
0.834323
0.838444
0.842229
0.844729
0.842767
0.838525
0.833874
0.829679
0.829047
0.831118
0.834342
0.838740
0.842921
0.846536
0.847459
0.846975
0.846163
0.846023
0.845926
0.846440
0.847912
0.850373
0.853520
0.856619
0.860532
0.865698
0.869923
0.874268
0.878312
0.880356
0.879001
0.874432
0.867342
0.856569
0.849345
0.848202
0.851565
0.852220
0.855498
0.857466
0.857820
0.855379
0.850717
0.845593
0.845276
0.846489
0.848572
0.848596
0.846257
0.843692
0.841793
0.840298
0.839287
0.838689
0.840317
0.840429
0.839686
0.838841
0.838597
0.839550
0.842052
0.844938
0.847694
0.847661
0.843927
0.840500
0.839163
0.840307
0.843969
0.848462
0.853168
0.857919
0.862230
0.864455
0.863600
0.860274
0.853168
0.842486
0.835615
0.832957
0.833237
0.832360
0.833188
0.833455
0.832384
0.830223
0.826501
0.824419
0.824344
0.823316
0.821884
0.817568
0.812860
0.808756
0.806268
0.805165
0.805115
0.805087
0.803437
0.800141
0.795331
0.790978
0.788056
0.786856
0.788894
0.792768
0.795132
0.794624
0.791765
0.786568
0.782820
0.782096
0.783153
0.785879
0.789421
0.793145
0.795565
0.797076
0.797183
0.796075
0.791502
0.783285
0.778911
0.777252
0.776258
0.773987
0.774088
0.773571
0.772421
0.770479
0.766980
0.765580
0.766282
0.766011
0.765570
0.762263
0.757858
0.754097
0.751973
0.751507
0.752169
0.752725
0.751125
0.747295
0.742385
0.737762
0.733804
0.732756
0.734280
0.737055
0.738193
0.737270
0.733264
0.728770
0.725381
0.724259
0.725603
0.728575
0.732632
0.735888
0.738288
0.738464
0.737418
0.734998
0.728471
0.719637
0.714101
0.711282
0.711053
0.711265
0.711749
0.711085
0.709208
0.705921
0.701454
0.699382
0.697977
0.696885
0.695564
0.691988
0.688115
0.685139
0.683866
0.683643
0.683963
0.684482
0.682701
0.679200
0.674469
0.670389
0.666901
0.665690
0.666918
0.669244
0.670844
0.669842
0.666103
0.661037
0.657567
0.656115
0.656747
0.658830
0.662638
0.666339
0.668779
0.668772
0.667470
0.664799
0.658575
0.650767
0.644719
0.640683
0.641300
0.642016
0.642383
0.641686
0.639772
0.635859
0.631196
0.628110
0.625816
0.623888
0.621693
0.618502
0.615222
0.612565
0.611337
0.611331
0.611769
0.612001
0.610654
0.607359
0.602848
0.598840
0.595496
0.593086
0.592680
0.593748
0.596007
0.596079
0.593405
0.588633
0.584740
0.582193
0.580837
0.581095
0.583417
0.587295
0.589811
0.590650
0.589843
0.587784
0.582888
0.575092
0.568236
0.563256
0.560901
0.560912
0.562087
0.562203
0.560831
0.557496
0.552839
0.548616
0.545043
0.541244
0.538140
0.534215
0.530187
0.526713
0.524992
0.524801
0.525038
0.524902
0.523387
0.520654
0.517250
0.514040
0.511510
0.509240
0.508178
0.508766
0.509834
0.512065
0.512665
0.510567
0.507942
0.505645
0.503966
0.503281
0.504092
0.506178
0.509946
0.513784
0.515440
0.515722
0.514229
0.510319
0.506065
0.501949
0.497606
0.494742
0.493143
0.493273
0.495241
0.495832
0.494952
0.493543
0.491487
0.488641
0.485445
0.481148
0.476245
0.471596
0.468023
0.465511
0.464092
0.463742
0.463997
0.463685
0.462319
0.460815
0.459625
0.458689
0.457655
0.457609
0.457972
0.458223
0.459061
0.459563
0.459348
0.459833
0.460718
0.461892
0.463626
0.466137
0.469172
0.472862
0.477180
0.480435
0.482756
0.483104
0.482550
0.481629
0.478432
0.474765
0.472353
0.470793
0.471176
0.473477
0.475815
0.477313
0.478079
0.477401
0.475152
0.472084
0.467703
0.463168
0.458789
0.454879
0.451559
0.449209
0.447122
0.446244
0.446460
0.445904
0.445024
0.444691
0.443826
0.442535
0.442089
0.441364
0.440640
0.440818
0.440192
0.439018
0.438913
0.440267
0.442157
0.444271
0.447074
0.450398
0.454768
0.458899
0.461959
0.463897
0.465343
0.465649
0.464173
0.461833
0.459894
0.459031
0.460072
0.461578
0.463184
0.464462
0.464706
0.463918
0.461957
0.459208
0.455862
0.452767
0.449552
0.446099
0.443586
0.441941
0.441185
0.441549
0.440960
0.439778
0.438835
0.438579
0.437843
0.437081
0.437122
0.437367
0.437571
0.438268
0.438844
0.438142
0.438662
0.441096
0.444005
0.447433
0.450654
0.454210
0.458163
0.462584
0.465606
0.467459
0.468684
0.468420
0.465992
0.463406
0.462094
0.461720
0.463482
0.466380
0.468975
0.471522
0.473109
0.472456
0.470128
0.465907
0.461259
0.457953
0.455385
0.453428
0.453212
0.453559
0.454240
0.455166
0.455174
0.456027
0.458357
0.463582
0.468017
0.470980
0.471868
0.470101
0.468821
0.468056
0.466958
0.467494
0.470344
0.474650
0.479317
0.484006
0.487225
0.490608
0.493752
0.497756
0.501685
0.504051
0.505917
0.505907
0.503523
0.502499
0.503530
0.505571
0.508942
0.514028
0.518176
0.521592
0.523289
0.522406
0.519020
0.517530
0.517339
0.517577
0.518143
0.518038
0.517859
0.517700
0.516889
0.516342
0.517864
0.520204
0.523251
0.527276
0.533435
0.540641
0.545490
0.547730
0.545800
0.544618
0.545875
0.546954
0.548075
0.551245
0.555116
0.560343
0.566132
0.571829
0.577127
0.582222
0.586137
0.589016
0.590449
0.591430
0.590387
0.588825
0.589562
0.592846
0.598146
0.604628
0.609630
0.612468
0.613603
0.612963
0.609717
0.607356
0.606498
0.606876
0.608161
0.609629
0.609694
0.609219
0.607783
0.606987
0.607749
0.608835
0.610330
0.613065
0.617860
0.625484
0.632623
0.637801
0.639618
0.637722
0.637441
0.640119
0.642064
0.644426
0.647645
0.651529
0.657433
0.663682
0.670848
0.677188
0.682071
0.685062
0.686114
0.686212
0.686162
0.683785
0.682634
0.684214
0.688124
0.693920
0.700909
0.705567
0.707616
0.707720
0.705338
0.702471
0.700483
0.699604
0.699492
0.700548
0.701468
0.702031
0.701912
0.700363
0.700510
0.701904
0.703637
0.705523
0.708440
0.713363
0.720733
0.727486
0.732927
0.734423
0.732848
0.734066
0.738803
0.741936
0.745662
0.748354
0.751122
0.755901
0.761603
0.769038
0.775941
0.781545
0.784823
0.784602
0.783288
0.781303
0.779289
0.778348
0.779397
0.782334
0.787608
0.794194
0.799301
0.801538
0.801270
0.798973
0.797507
0.796844
0.796357
0.795826
0.795810
0.794999
0.794726
0.794284
0.793326
0.793173
0.794950
0.797191
0.800164
0.804201
0.809828
0.816565
0.822301
0.826383
0.826598
0.825364
0.827573
0.831450
0.835162
0.839912
0.842776
0.846314
0.850752
0.856338
0.863858
0.870188
0.875303
0.876900
0.876264
0.874304
0.873095
0.871952
0.872308
0.873494
0.876212
0.881692
0.886274
0.888694
0.889174
0.886581
0.883491
0.881991
0.881992
0.881679
0.881646
0.881062
0.880559
0.880382
0.880853
0.881139
0.880526
0.880665
0.881615
0.883857
0.888106
0.893738
0.899376
0.905026
0.907781
0.908832
0.910985
0.915154
0.918438
0.921939
0.923537
0.924822
0.927457
0.931615
0.937973
0.942751
0.945486
0.943636
0.939091
0.934306
0.931684
0.932701
0.934011
0.936198
0.939631
0.943070
0.945040
0.946044
0.946259
0.944327
0.941568
0.938712
0.938544
0.939080
0.939235
0.939304
0.938510
0.938789
0.939887
0.939015
0.936102
0.932614
0.930420
0.929705
0.932053
0.936711
0.942824
0.949618
0.955137
0.955385
0.951929
0.951128
0.950848
0.951752
0.952781
0.954132
0.957743
0.962837
0.967972
0.972146
0.974654
0.974918
0.970035
0.962252
0.955031
0.951028
0.952075
0.953905
0.954168
0.956192
0.959587
0.961766
0.963053
0.961547
0.957447
0.951182
0.947326
0.945462
0.944662
0.943723
0.942698
0.941780
0.942106
0.941922
0.939377
0.933737
0.928798
0.925865
0.927237
0.931881
0.938190
0.944605
0.949687
0.950617
0.948039
0.945793
0.943917
0.942701
0.942802
0.944647
0.948593
0.953820
0.960034
0.965041
0.968544
0.969291
0.965592
0.957228
0.948001
0.940214
0.936812
0.938403
0.939944
0.940618
0.943614
0.947027
0.949109
0.949051
0.944524
0.937479
0.931292
0.927580
0.925198
0.924124
0.923682
0.923746
0.924210
0.925539
0.925227
0.921563
0.917635
0.915095
0.915388
0.918300
0.923154
0.928060
0.932325
0.933717
0.932329
0.930525
0.928734
0.927267
0.926316
0.927442
0.930851
0.937046
0.943188
0.947944
0.950739
0.951278
0.949514
0.944534
0.935672
0.926629
0.918561
0.916785
0.920256
0.922714
0.923087
0.925113
0.926311
0.926119
0.924473
0.919617
0.913661
0.906517
0.901323
0.897878
0.896548
0.898289
0.900418
0.902695
0.902523
0.901730
0.901072
0.900978
0.900979
0.901331
0.902203
0.904317
0.906837
0.908605
0.907199
0.904989
0.903059
0.902812
0.903327
0.905492
0.908615
0.912662
0.918057
0.923492
0.926537
0.927883
0.927079
0.924112
0.917842
0.909009
0.901261
0.896927
0.898013
0.902333
0.903629
0.903734
0.904247
0.903128
0.902806
0.900442
0.896105
0.890643
0.884817
0.880586
0.877452
0.876588
0.877529
0.878806
0.877384
0.877416
0.878762
0.880655
0.882179
0.882786
0.882569
0.881096
0.879815
0.879638
0.879240
0.878183
0.877426
0.877619
0.879020
0.881406
0.884068
0.887509
0.891230
0.895526
0.899592
0.901776
0.901320
0.898131
0.891035
0.882056
0.874201
0.868697
0.867595
0.870290
0.872256
0.871408
0.871006
0.868956
0.866879
0.864051
0.859538
0.855238
0.849930
0.844988
0.840345
0.836832
0.835632
0.834723
0.835514
0.837059
0.839363
0.841253
0.842480
0.841834
0.840133
0.837783
0.834686
0.831628
0.831837
0.833904
0.834838
0.835289
0.835958
0.837760
0.840561
0.844069
0.847833
0.851730
0.855005
0.856955
0.856204
0.852228
0.845681
0.838030
0.830928
0.825378
0.823332
0.824533
0.827459
0.827230
0.825988
0.823659
0.821195
0.818319
0.813832
0.809534
0.803952
0.797954
0.792064
0.786607
0.783198
0.782714
0.784897
0.787048
0.788896
