-0.054441
-0.037707
-0.010300
0.012916
0.045765
0.089581
0.154079
0.231329
0.310334
0.411678
0.543548
0.694913
0.823518
0.931685
0.977921
1.000000
0.974640
0.948256
0.874287
0.752506
0.600686
0.439377
0.266665
0.120303
-0.007083
-0.116160
-0.205725
-0.259646
-0.293942
-0.299466
-0.287606
-0.270125
-0.253830
-0.240459
-0.217032
-0.187026
-0.171787
-0.156581
-0.142804
-0.129303
-0.096713
-0.082920
-0.089663
-0.072052
-0.071889
-0.062499
-0.025149
0.041476
0.104820
0.213816
0.279873
0.292626
0.257242
0.212061
0.152584
0.075074
-0.057105
-0.212175
-0.363752
-0.472552
-0.570338
-0.636232
-0.663347
-0.652608
-0.604845
-0.543921
-0.466833
-0.391581
-0.305558
-0.212451
-0.159375
-0.136484
-0.153624
-0.155021
-0.158660
-0.145371
-0.133089
-0.116436
-0.102773
-0.073725
-0.050574
-0.016506
0.021624
0.064741
0.122447
0.207350
0.293552
0.393498
0.474989
0.520917
0.510796
0.387227
0.215684
0.022826
-0.179325
-0.362614
-0.533670
-0.690852
-0.858512
-0.948776
-0.962358
-0.906877
-0.805793
-0.665751
-0.529869
-0.403230
-0.284876
-0.158303
-0.077332
-0.016782
-0.000487
0.002437
-0.015629
-0.015921
0.003249
0.016604
0.029081
0.059997
0.096242
0.120936
0.157442
0.174256
0.192127
0.242312
0.319416
0.418550
0.498936
0.540331
0.505158
0.401166
0.229168
0.038650
-0.159943
-0.343054
-0.509528
-0.665475
-0.775234
-0.837490
-0.842412
-0.780742
-0.672510
-0.528894
-0.365360
-0.235992
-0.121960
-0.038178
0.041070
0.084919
0.114357
0.119036
0.096648
0.097867
0.109060
0.158595
0.197505
0.243497
0.266632
0.285039
0.291586
0.302975
0.299206
0.303592
0.311585
0.340666
0.371192
0.388121
0.352087
0.270352
0.117687
-0.067633
-0.255796
-0.421003
-0.515182
-0.582035
-0.609199
-0.613829
-0.572563
-0.510974
-0.406511
-0.276217
-0.169821
-0.071467
0.009033
0.068705
0.118500
0.148799
0.171494
0.192322
0.185872
0.195214
0.201095
0.222085
0.233782
0.259224
0.268988
0.265267
0.258558
0.239826
0.218283
0.187107
0.170341
0.154257
0.147986
0.146995
0.136208
0.092424
0.012445
-0.089435
-0.178058
-0.261433
-0.319075
-0.352363
-0.362111
-0.338278
-0.301009
-0.238802
-0.156678
-0.086023
-0.015921
0.038097
0.062531
0.078404
0.076146
0.065131
0.070216
0.091726
0.127614
0.150374
0.173087
0.194288
0.200283
0.204328
0.204490
0.197423
0.171771
0.139506
0.102806
0.068201
0.036196
0.012510
-0.004858
-0.014638
-0.024385
-0.016961
0.004516
0.027115
0.041655
0.054701
0.057333
0.056732
0.047049
0.044287
0.024028
0.008627
0.009472
0.009650
0.024353
0.034426
0.028041
0.008529
-0.032427
-0.057804
-0.090134
-0.113902
-0.112212
-0.104690
-0.082189
-0.050623
-0.025523
0.001657
0.015986
0.027895
0.040453
0.054863
0.073676
0.083928
0.083180
0.067324
0.043572
0.018342
-0.007538
-0.019252
-0.017562
0.017838
0.069647
0.098630
0.120823
0.125290
0.113918
0.059250
0.013192
-0.027878
-0.070232
-0.075463
-0.082498
-0.079476
-0.084123
-0.100612
-0.113073
-0.142203
-0.156304
-0.164395
-0.171218
-0.160707
-0.136728
-0.107306
-0.082384
-0.067828
-0.063181
-0.067552
-0.070882
-0.055676
-0.025312
0.008789
0.046724
0.069355
0.080256
0.077088
0.069566
0.071077
0.083522
0.136208
0.219177
0.290303
0.335564
0.311049
0.225529
0.094601
-0.059201
-0.197830
-0.324891
-0.389258
-0.413449
-0.394571
-0.358325
-0.343298
-0.327978
-0.334054
-0.333794
-0.322308
-0.288857
-0.214173
-0.129466
-0.031111
0.062337
0.119897
0.149075
0.149546
0.128491
0.108541
0.091336
0.089744
0.099215
0.098371
0.098679
0.081475
0.062142
0.054343
0.076682
0.163485
0.275681
0.395220
0.493412
0.530486
0.472390
0.327458
0.150586
-0.063051
-0.248128
-0.385229
-0.444592
-0.459035
-0.446217
-0.418550
-0.425617
-0.442854
-0.475948
-0.500918
-0.491463
-0.436486
-0.328140
-0.198886
-0.059315
0.059607
0.143129
0.185547
0.201030
0.200738
0.197326
0.208584
0.220574
0.230029
0.224701
0.201485
0.181616
0.177522
0.229250
0.305022
0.392475
0.484997
0.540867
0.533297
0.431319
0.250548
0.023768
-0.211005
-0.403993
-0.535002
-0.588420
-0.589606
-0.559469
-0.516384
-0.497864
-0.495053
-0.510568
-0.514646
-0.482868
-0.414033
-0.298751
-0.165272
-0.030072
0.096551
0.183078
0.240329
0.270629
0.277225
0.281643
0.284730
0.289490
0.295128
0.290010
0.285120
0.311764
0.367569
0.433659
0.502153
0.561159
0.589346
0.548324
0.447955
0.259208
0.010560
-0.226959
-0.444121
-0.599337
-0.687131
-0.709242
-0.696895
-0.658035
-0.616298
-0.586828
-0.569152
-0.547106
-0.494939
-0.424139
-0.303641
-0.161942
-0.016311
0.122464
0.229006
0.307556
0.349179
0.366107
0.365750
0.351242
0.336474
0.325947
0.315176
0.324322
0.374848
0.441051
0.507075
0.560151
0.599630
0.599890
0.536205
0.415447
0.200478
-0.039966
-0.262847
-0.462008
-0.604227
-0.689958
-0.719169
-0.716521
-0.677156
-0.635501
-0.601108
-0.578087
-0.540753
-0.487434
-0.409143
-0.294917
-0.169496
-0.032444
0.105373
0.220412
0.310285
0.369584
0.405098
0.420808
0.421555
0.403002
0.377268
0.351063
0.350072
0.386805
0.440109
0.491414
0.542069
0.575845
0.564473
0.505093
0.365392
0.140887
-0.091563
-0.324257
-0.517002
-0.654087
-0.718909
-0.733855
-0.717219
-0.667035
-0.618345
-0.574627
-0.542459
-0.491755
-0.430978
-0.345393
-0.226244
-0.099491
0.034198
0.154550
0.256007
0.328790
0.379234
0.405390
0.411954
0.394587
0.372654
0.347164
0.310968
0.288987
0.279808
0.283138
0.284844
0.295826
0.314964
0.311390
0.277484
0.190795
0.048527
-0.092977
-0.230419
-0.359479
-0.446120
-0.497311
-0.516157
-0.492031
-0.466184
-0.440661
-0.425536
-0.422400
-0.396634
-0.364824
-0.300505
-0.207772
-0.111416
-0.012038
0.082790
0.147434
0.199145
0.223044
0.236593
0.249249
0.242766
0.238055
0.228340
0.206521
0.191737
0.177554
0.181860
0.194320
0.212142
0.264260
0.297857
0.290465
0.247039
0.157182
0.054620
-0.049340
-0.157133
-0.229461
-0.280734
-0.319497
-0.319335
-0.328969
-0.338716
-0.352737
-0.375351
-0.380583
-0.371582
-0.341787
-0.281822
-0.213702
-0.142690
-0.066772
-0.010219
0.045294
0.095544
0.138287
0.180592
0.210859
0.234530
0.245772
0.238819
0.221305
0.199519
0.189154
0.216480
0.246471
0.277289
0.320131
0.329553
0.304372
0.263659
0.215457
0.143519
0.062288
-0.018894
-0.104414
-0.193459
-0.271831
-0.354702
-0.435283
-0.495378
-0.536497
-0.549738
-0.535993
-0.490650
-0.423700
-0.348383
-0.261222
-0.174094
-0.093659
-0.014020
0.057479
0.123666
0.189138
0.245788
0.291911
0.316995
0.318409
0.312446
0.288954
0.266453
0.257177
0.259841
0.278670
0.290563
0.296655
0.290368
0.248111
0.210453
0.169123
0.083684
0.008464
-0.068526
-0.167725
-0.254691
-0.344094
-0.432993
-0.497669
-0.549266
-0.568274
-0.553507
-0.519195
-0.448557
-0.367326
-0.283089
-0.179244
-0.085682
0.006466
0.102156
0.180251
0.252774
0.317742
0.362029
0.390769
0.390899
0.365685
0.327766
0.271961
0.219827
0.176839
0.136289
0.115949
0.111026
0.098533
0.075853
0.044742
0.012428
-0.014670
-0.052621
-0.083830
-0.118305
-0.165890
-0.206846
-0.245203
-0.286241
-0.315159
-0.331714
-0.335451
-0.313486
-0.274268
-0.222329
-0.166897
-0.110783
-0.051825
0.004500
0.057966
0.114974
0.165223
0.207187
0.244862
0.264634
0.274024
0.269134
0.244732
0.210648
0.170715
0.130067
0.098679
0.070638
0.043458
0.021250
-0.002778
-0.024483
-0.051370
-0.084480
-0.109093
-0.134811
-0.152210
-0.163615
-0.183159
-0.194012
-0.194418
-0.200055
-0.196709
-0.187952
-0.171819
-0.140611
-0.104463
-0.062759
-0.016929
0.021884
0.059575
0.093968
0.121115
0.148133
0.170406
0.181876
0.189495
0.186181
0.175215
0.159050
0.133365
0.104414
0.076519
0.051533
0.029503
0.009407
-0.008692
-0.026660
-0.045018
-0.064205
-0.084496
-0.115137
-0.156142
-0.193508
-0.217650
-0.246649
-0.262830
-0.266193
-0.273001
-0.263805
-0.231427
-0.193378
-0.138937
-0.072734
-0.008757
0.062694
0.128718
0.190389
0.244164
0.282228
0.314444
0.336897
0.341624
0.338927
0.319871
0.283268
0.239615
0.181925
0.118337
0.055822
-0.004208
-0.055724
-0.095999
-0.125859
-0.140464
-0.146345
-0.145046
-0.134210
-0.121619
-0.108151
-0.098387
-0.095170
-0.101701
-0.120953
-0.152714
-0.181973
-0.216123
-0.256007
-0.283885
-0.302276
-0.314574
-0.304681
-0.275860
-0.229363
-0.164882
-0.084350
0.009488
0.101490
0.198609
0.288223
0.361071
0.417997
0.460026
0.479424
0.476175
0.453707
0.409809
0.349033
0.276217
0.192891
0.107696
0.020210
-0.062125
-0.135022
-0.199422
-0.246925
-0.277761
-0.295518
-0.292415
-0.282033
-0.258038
-0.225562
-0.259143
-0.223125
-0.177830
-0.161097
-0.141130
-0.137767
-0.142755
-0.150797
-0.171673
-0.194970
-0.236609
-0.280994
-0.308498
-0.310822
-0.300976
-0.269833
-0.211038
-0.128556
-0.041509
0.058616
0.159294
0.257615
0.344825
0.424935
0.492681
0.526473
0.534417
0.523630
0.488197
0.431904
0.353094
0.253521
0.141894
0.021510
-0.099085
-0.205189
-0.296509
-0.366156
-0.416503
-0.444495
-0.447094
-0.433935
-0.409826
-0.373467
-0.327848
-0.259419
-0.183809
-0.104268
-0.035595
0.017432
0.052719
0.071743
0.086430
0.125258
0.186652
0.296850
0.360210
0.393125
0.370039
0.308596
0.274934
0.235358
0.198902
0.155053
0.055172
-0.043523
-0.093155
-0.113414
-0.072945
-0.048154
-0.053011
-0.062109
-0.072035
-0.073660
-0.055562
-0.080841
-0.118077
-0.184849
-0.232304
-0.251182
-0.234968
-0.140854
-0.099345
-0.085341
-0.039299
-0.012964
-0.016100
-0.041574
-0.105194
-0.158221
-0.207675
-0.222507
-0.212630
-0.200803
-0.178968
-0.100353
0.006174
0.215619
0.490260
0.634185
0.696619
0.617582
0.479863
0.381574
0.245804
0.073498
-0.099199
-0.317645
-0.432034
-0.446087
-0.399851
-0.286664
-0.219989
-0.201647
-0.170585
-0.145371
-0.112586
-0.091271
-0.143811
-0.185385
-0.214449
-0.178562
-0.068364
0.061281
0.167352
0.248453
0.263350
0.261709
0.193768
0.115445
-0.015954
-0.187399
-0.361428
-0.475558
-0.582165
-0.677286
-0.810017
-0.822429
-0.683427
-0.379250
-0.014784
0.221240
0.337335
0.326727
0.311211
0.361981
0.421685
0.395350
0.300099
0.141195
0.081734
0.140870
0.231443
0.304453
0.282976
0.193800
0.115640
0.047796
0.001511
-0.072182
-0.188764
-0.281920
-0.313258
-0.256429
-0.138612
-0.027521
0.052962
0.136045
0.205481
0.287703
0.330284
0.308450
0.231345
0.122886
0.024418
-0.045181
-0.133982
-0.245317
-0.442399
-0.679609
-0.672461
-0.516823
-0.231167
-0.005475
0.051029
0.033857
0.059298
0.149318
0.326727
0.397495
0.348984
0.262603
0.189382
0.243335
0.352331
0.414066
0.385684
0.302292
0.200965
0.172794
0.138856
0.091580
-0.025035
-0.147288
-0.225854
-0.198821
-0.130229
-0.038666
0.001706
0.048316
0.066268
0.120417
0.197050
0.244570
0.210924
0.157295
0.108118
0.092035
0.041931
-0.134843
-0.402109
-0.658424
-0.742108
-0.573343
-0.240524
0.001381
0.099784
0.096031
0.098988
0.219356
0.349812
0.391094
0.313210
0.179276
0.109580
0.168879
0.267379
0.360226
0.357854
0.293357
0.240687
0.224603
0.190876
0.119507
-0.048868
-0.206667
-0.308255
-0.302942
-0.215765
-0.122577
-0.045327
0.010657
0.072929
0.149318
0.209234
0.231979
0.194272
0.123162
0.071629
0.024142
-0.044238
-0.220038
-0.479944
-0.722467
-0.803308
-0.694783
-0.378048
-0.001885
0.205871
0.293844
0.300343
0.320894
0.401768
0.404010
0.323510
0.200364
0.087583
0.112375
0.223953
0.342485
0.431319
0.422660
0.367391
0.315842
0.222930
0.099410
-0.085520
-0.294673
-0.426705
-0.447371
-0.358130
-0.198934
-0.048186
0.075009
0.190519
0.289149
0.357188
0.357887
0.284535
0.167482
0.055432
-0.031518
-0.104284
-0.223320
-0.452586
-0.711192
-0.831706
-0.776112
-0.583172
-0.308303
-0.023459
0.204117
0.327766
0.410605
0.420174
0.426478
0.366530
0.285802
0.199909
0.168586
0.216415
0.340893
0.438841
0.495053
0.468458
0.390249
0.260930
0.101230
-0.095511
-0.304632
-0.478677
-0.567381
-0.542004
-0.418566
-0.229250
-0.029227
0.136484
0.260751
0.351486
0.381590
0.342485
0.235683
0.095154
-0.027440
-0.118548
-0.200088
-0.309246
-0.511413
-0.757591
-0.862687
-0.833574
-0.669488
-0.453057
-0.246373
0.027391
0.217487
0.369162
0.452894
0.450149
0.418810
0.379933
0.328595
0.337173
0.350348
0.387845
0.441522
0.453349
0.444804
0.378032
0.242913
0.065894
-0.139555
-0.344435
-0.489919
-0.576235
-0.562133
-0.470099
-0.317255
-0.126931
0.064319
0.229250
0.344532
0.390639
0.377853
0.293779
0.189317
0.066431
-0.056033
-0.167124
-0.293698
-0.449613
-0.672542
-0.841096
-0.863857
-0.802885
-0.629896
-0.482722
-0.262359
0.035937
0.279158
0.468929
0.558023
0.519049
0.502543
0.464527
0.451302
0.460904
0.438614
0.427924
0.444349
0.427258
0.408510
0.304648
0.132780
-0.062125
-0.259695
-0.420597
-0.514126
-0.556334
-0.534856
-0.444901
-0.289897
-0.076942
0.147028
0.308807
0.403360
0.420174
0.390119
0.327978
0.219697
0.091905
-0.054993
-0.205124
-0.356246
-0.551947
-0.792845
-0.916381
-0.936542
-0.831300
-0.666223
-0.499131
-0.248323
0.059234
0.301984
0.490520
0.557487
0.563579
0.571751
0.545644
0.543613
0.528114
0.483047
0.454893
0.429516
0.394554
0.354183
0.229883
0.057934
-0.133966
-0.312121
-0.449694
-0.540396
-0.576787
-0.541468
-0.447176
-0.251734
-0.034166
0.185759
0.346563
0.429971
0.461407
0.448703
0.374442
0.266811
0.103342
-0.062044
-0.216838
-0.369259
-0.569834
-0.807710
-0.940458
-0.954754
-0.851445
-0.682193
-0.515150
-0.269475
0.019772
0.281676
0.507498
0.607785
0.642422
0.663428
0.653291
0.652348
0.620701
0.553409
0.484022
0.416243
0.345410
0.276623
0.155151
-0.007327
-0.185807
-0.351226
-0.478287
-0.547626
-0.571686
-0.535344
-0.442805
-0.280376
-0.070476
0.140221
0.316865
0.435982
0.493623
0.500804
0.456079
0.354345
0.210696
0.037057
-0.140740
-0.332526
-0.579972
-0.832486
-0.974494
-0.998993
-0.913554
-0.794080
-0.647978
-0.425747
-0.121862
0.179163
0.438403
0.592043
0.683541
0.748867
0.768833
0.780839
0.750394
0.667928
0.559615
0.453690
0.348025
0.255016
0.115786
-0.051874
-0.245674
-0.410411
-0.532549
-0.598801
-0.623235
-0.597241
-0.523403
-0.381525
-0.193963
0.010528
0.187903
0.324712
0.407649
0.465794
0.474745
0.440580
0.347619
0.200738
0.025149
-0.174126
-0.424902
-0.679512
-0.866587
-0.964957
-0.950173
-0.893360
-0.796614
-0.643251
-0.417868
-0.150651
0.107923
0.316020
0.485419
0.625315
0.732978
0.819879
0.860462
0.848180
0.793609
0.714198
0.622228
0.514727
0.369616
0.189203
-0.017058
-0.207951
-0.374848
-0.503923
-0.591279
-0.631716
-0.619336
-0.543158
-0.412701
-0.253310
-0.095024
0.047065
0.173265
0.278248
0.347408
0.378584
0.358650
0.295501
0.196774
0.067990
-0.110588
-0.339106
-0.540315
-0.674866
-0.743977
-0.765714
-0.760483
-0.695547
-0.564180
-0.382353
-0.177587
0.042809
0.248274
0.432002
0.592140
0.727016
0.826312
0.890940
0.902198
0.874060
0.807450
0.706432
0.575650
0.412133
0.227771
0.039202
-0.152389
-0.319432
-0.456826
-0.560558
-0.620993
-0.626549
-0.587380
-0.500999
-0.387373
-0.254415
-0.115396
0.017562
0.138434
0.234318
0.290969
0.312934
0.295209
0.243709
0.153006
0.016181
-0.130197
-0.256754
-0.361558
-0.440986
-0.501681
-0.517343
-0.480886
-0.408039
-0.295047
-0.145907
0.004159
0.149448
0.289003
0.412523
0.512079
0.593960
0.638230
0.648482
0.622163
0.561451
0.477751
0.371030
0.256446
0.130733
-0.003769
-0.126476
-0.231345
-0.316573
-0.371257
-0.400289
-0.400517
-0.377756
-0.335922
-0.272773
-0.203662
-0.133430
-0.055594
0.012168
0.067145
0.111319
0.128670
0.126086
0.101019
0.037984
-0.035222
-0.107907
-0.197050
-0.281741
-0.349877
-0.396325
-0.389226
-0.356473
-0.297175
-0.203451
-0.102773
0.007360
0.133592
0.240931
0.345280
0.427420
0.483583
0.527399
0.542329
0.526359
0.493851
0.424285
0.342437
0.246308
0.131854
0.024126
-0.081799
-0.180219
-0.251832
-0.309359
-0.343704
-0.351648
-0.346758
-0.317288
-0.275600
-0.226748
-0.165158
-0.100385
-0.046025
-0.002534
0.020876
0.030592
0.016019
-0.029649
-0.075577
-0.132455
-0.207870
-0.273455
-0.321836
-0.350137
-0.332218
-0.281920
-0.223937
-0.136094
-0.029113
0.086527
0.215733
0.329391
0.424350
0.489854
0.534547
0.565708
0.566796
0.536919
0.485744
0.401069
0.303137
0.195831
0.081978
-0.026481
-0.132422
-0.225887
-0.291797
-0.343265
-0.367244
-0.368837
-0.359398
-0.326288
-0.284828
-0.236772
-0.173363
-0.111156
-0.059721
-0.019609
0.002859
0.013549
-0.002323
-0.048332
-0.095186
-0.154241
-0.232044
-0.297938
-0.348578
-0.378308
-0.361347
-0.312300
-0.252400
-0.167043
-0.059136
0.063490
0.196042
0.318214
0.418176
0.489838
0.542021
0.580524
0.588144
0.566439
0.519698
0.433935
0.326483
0.221143
0.111108
0.002567
-0.103651
-0.203727
-0.282651
-0.338716
-0.370006
-0.374490
-0.365051
-0.340909
-0.302292
-0.253651
-0.189804
-0.126411
-0.071499
-0.024662
0.004955
0.017611
0.013468
-0.022306
-0.069355
-0.120075
-0.191965
-0.259467
-0.311699
-0.351210
-0.355255
-0.317856
-0.258379
-0.189593
-0.092083
0.025620
0.147418
0.275113
0.390249
0.474973
0.536058
0.580069
0.601839
0.594171
0.555115
0.484314
0.387893
0.277566
0.164314
0.049518
-0.060891
-0.163128
-0.253765
-0.322324
-0.364629
-0.380810
-0.374669
-0.352932
-0.313242
-0.258948
-0.194970
-0.128491
-0.070898
-0.018699
0.018293
0.036229
0.036131
0.002876
-0.056943
-0.109597
-0.177148
-0.250223
-0.314542
-0.370169
-0.394830
-0.376164
-0.323087
-0.254837
-0.176596
-0.066772
0.055854
0.179618
0.317011
0.435771
0.515117
0.574562
0.606989
0.613244
0.594902
0.543337
0.460238
0.349991
0.230192
0.111043
-0.010820
-0.125339
-0.226585
-0.316686
-0.376797
-0.409111
-0.421360
-0.407665
-0.376082
-0.329943
-0.267217
-0.203077
-0.137166
-0.075935
-0.032362
-0.000504
0.012623
0.000861
-0.038617
-0.090767
-0.140805
-0.209608
-0.279190
-0.327441
-0.369015
-0.375839
-0.334590
-0.276558
-0.204945
-0.109857
0.008480
0.131805
0.263155
0.394619
0.485971
0.544539
0.567283
0.562442
0.529332
0.487222
0.416487
0.325963
0.213816
0.095674
-0.025653
-0.140026
-0.241759
-0.316459
-0.367244
-0.390558
-0.396975
-0.377057
-0.332445
-0.268679
-0.178903
-0.083733
-0.015434
0.036473
0.054506
0.062077
0.052296
0.020080
-0.036326
-0.132796
-0.228145
-0.314071
-0.395513
-0.438045
-0.440109
-0.404026
-0.279385
-0.135136
-0.002453
0.104300
0.168408
0.250240
0.305428
0.383426
0.447549
0.464072
0.453138
0.430003
0.383637
0.350755
0.301805
0.239111
0.148474
0.034474
-0.081133
-0.200429
-0.291082
-0.343590
-0.362858
-0.347408
-0.305509
-0.244927
-0.167335
-0.084626
0.006368
0.084919
0.134599
0.140351
0.104187
0.030868
-0.057836
-0.152535
-0.244927
-0.344484
-0.432132
-0.493396
-0.547382
-0.572726
-0.553003
-0.506490
-0.426462
-0.252953
-0.030754
0.173850
0.342632
0.435495
0.504216
0.532842
0.573457
0.630302
0.643153
0.638523
0.584716
0.497441
0.383539
0.262164
0.134096
0.009926
-0.130424
-0.268110
-0.401166
-0.517327
-0.572742
-0.556334
-0.472568
-0.335175
-0.197667
-0.069956
0.037512
0.130960
0.222816
0.274918
0.290416
0.241158
0.125810
-0.023281
-0.211038
-0.427826
-0.615096
-0.746414
-0.811674
-0.815135
-0.798011
-0.715351
-0.616428
-0.445454
-0.165808
0.126119
0.391435
0.587965
0.667896
0.720956
0.716927
0.748769
0.784966
0.795542
0.783292
0.686319
0.535344
0.342144
0.139083
-0.052296
-0.227446
-0.390444
-0.536806
-0.674492
-0.758062
-0.763927
-0.679073
-0.501860
-0.272009
-0.039137
0.159911
0.304421
0.405325
0.457784
0.460790
0.417933
0.308336
0.152438
-0.044807
-0.260783
-0.508749
-0.756015
-0.914172
-0.999805
-0.974071
-0.906178
-0.777168
-0.632999
-0.445340
-0.165337
0.116046
0.400858
0.607525
0.729566
0.789369
0.780254
0.796338
0.808084
0.815622
0.803032
0.715985
0.558186
0.326629
0.062531
-0.200673
-0.425844
-0.576771
-0.676214
-0.733595
-0.753643
-0.716976
-0.620035
-0.440109
-0.205693
0.034734
0.256933
0.403912
0.484201
0.483486
0.430085
0.344110
0.221614
0.082076
-0.092717
-0.296103
-0.561045
-0.799360
-0.975809
-1.056878
-1.011957
-0.915341
-0.742807
-0.565870
-0.341559
-0.075090
0.185905
0.456176
0.649668
0.799344
0.862622
0.870063
0.867074
0.826556
0.804672
0.759248
0.662648
0.502315
0.267818
0.003688
-0.266762
-0.483713
-0.624048
-0.697480
-0.709925
-0.678342
-0.606404
-0.491479
-0.322373
-0.121180
0.096713
0.294917
0.445941
0.522460
0.511868
0.443049
0.323965
0.182769
0.026709
-0.142365
-0.347197
-0.596120
-0.818644
-0.999269
-1.065732
-1.022566
-0.897600
-0.675792
-0.439134
-0.157880
0.107777
0.348334
0.554417
0.710640
0.826280
0.872468
0.903140
0.886277
0.837392
0.775608
0.676393
0.551070
0.370624
0.158644
-0.089646
-0.333696
-0.523468
-0.662730
-0.722857
-0.721687
-0.660065
-0.549250
-0.403522
-0.219291
-0.030007
0.164590
0.333241
0.459571
0.523110
0.513005
0.437509
0.299547
0.136500
-0.041363
-0.226991
-0.438533
-0.664078
-0.854629
-0.999155
-1.033028
-0.976800
-0.815525
-0.568989
-0.289328
0.011535
0.258850
0.460497
0.618491
0.730200
0.811804
0.865368
0.899501
0.893799
0.850503
0.757721
0.622683
0.441766
0.234058
0.014800
-0.207902
-0.394668
-0.551378
-0.657726
-0.715205
-0.712979
-0.645606
-0.532289
-0.365409
-0.175329
0.021169
0.198739
0.336507
0.421101
0.445047
0.421052
0.343688
0.233035
0.092457
-0.070135
-0.271360
-0.509431
-0.729469
-0.917356
-1.005394
-0.990577
-0.869023
-0.627914
-0.358212
-0.064010
0.191818
0.374230
0.518821
0.607395
0.695206
0.772927
0.834338
0.876253
0.850454
0.777639
0.643527
0.460010
0.270889
0.071808
-0.112667
-0.278329
-0.427112
-0.550777
-0.653209
-0.704580
-0.695498
-0.612107
-0.452959
-0.246308
-0.025734
0.168343
0.315598
0.400029
0.428395
0.415723
0.365051
0.293796
0.185547
0.046220
-0.149513
-0.392004
-0.627882
-0.836596
-0.950222
-0.956736
-0.849593
-0.627118
-0.374198
-0.111871
0.110506
0.277874
0.417283
0.508619
0.614885
0.715790
0.790083
0.840674
0.817799
0.741978
0.611343
0.450165
0.285088
0.122545
-0.022875
-0.172372
-0.327604
-0.470830
-0.593505
-0.675678
-0.680844
-0.601449
-0.459734
-0.271116
-0.079899
0.093822
0.213166
0.290043
0.341364
0.354686
0.358017
0.315614
0.224002
0.086072
-0.128572
-0.366627
-0.603155
-0.786428
-0.869982
-0.861680
-0.736439
-0.547967
-0.338716
-0.123568
0.068738
0.238364
0.381460
0.513070
0.631570
0.728007
0.789661
0.806411
0.765292
0.681234
0.569834
0.442350
0.306581
0.166783
0.011096
-0.158790
-0.336312
-0.502169
-0.630481
-0.703816
-0.697919
-0.626371
-0.499618
-0.342258
-0.186278
-0.031453
0.094829
0.202313
0.284844
0.334249
0.349520
0.309229
0.212061
0.057739
-0.147548
-0.366725
-0.565626
-0.707569
-0.762611
-0.725619
-0.600361
-0.436973
-0.260020
-0.076601
0.072003
0.219859
0.362517
0.486849
0.597128
0.662925
0.686335
0.660666
0.610173
0.554124
0.473689
0.384937
0.281497
0.147141
-0.011746
-0.177684
-0.341868
-0.474762
-0.558446
-0.586324
-0.566666
-0.514825
-0.425341
-0.324598
-0.202086
-0.066723
0.059217
0.177002
0.257469
0.300651
0.295274
0.239663
0.142284
-0.009049
-0.181242
-0.353663
-0.492161
-0.579371
-0.598167
-0.552467
-0.465485
-0.339870
-0.208357
-0.058957
0.098094
0.247673
0.375335
0.468409
0.526408
0.556106
0.559030
0.545806
0.506896
0.454535
0.380193
0.290319
0.178578
0.055708
-0.070281
-0.199535
-0.305964
-0.390688
-0.447419
-0.467727
-0.462025
-0.420727
-0.356961
-0.270109
-0.165792
-0.059250
0.044482
0.129693
0.192371
0.217552
0.199568
0.132228
0.019707
-0.117736
-0.259971
-0.380713
-0.460952
-0.485939
-0.473202
-0.429532
-0.419963
-0.388673
-0.321105
-0.231638
-0.120936
-0.004776
0.101945
0.211151
0.312332
0.412425
0.506149
0.586730
0.647117
0.689536
0.705961
0.686790
0.650236
0.593294
0.525287
0.445210
0.359446
0.276818
0.193329
0.129303
0.085032
0.064627
0.069761
0.089354
0.124381
0.166361
0.211460
0.251019
0.279580
0.281643
0.246081
0.174159
0.078843
-0.025019
-0.125924
-0.212922
