-0.077617
-0.045139
-0.015815
0.017158
0.050171
0.097853
0.153904
0.238445
0.334954
0.460383
0.564859
0.650351
0.715204
0.748334
0.759221
0.733014
0.669870
0.570413
0.446602
0.308969
0.170111
0.035595
-0.068595
-0.158650
-0.225693
-0.276334
-0.296322
-0.304523
-0.292645
-0.263465
-0.249358
-0.239423
-0.245981
-0.237323
-0.230218
-0.211547
-0.193502
-0.170424
-0.153983
-0.127137
-0.095962
-0.056938
-0.012908
0.043691
0.108635
0.203137
0.307483
0.439457
0.566854
0.667119
0.740329
0.746991
0.730798
0.679231
0.603805
0.493813
0.374252
0.227753
0.072024
-0.059781
-0.168416
-0.245733
-0.294066
-0.320286
-0.328696
-0.329296
-0.321851
-0.292150
-0.270441
-0.249371
-0.240726
-0.228862
-0.229331
-0.216488
-0.190373
-0.160854
-0.126759
-0.089717
-0.048424
-0.017550
0.022582
0.040823
0.052910
0.103668
0.165639
0.238067
0.324185
0.382388
0.393027
0.368124
0.304054
0.180372
0.013234
-0.138258
-0.297352
-0.447619
-0.604848
-0.742950
-0.844192
-0.868196
-0.858586
-0.800553
-0.721397
-0.623088
-0.516252
-0.416522
-0.321707
-0.237910
-0.165326
-0.104150
-0.064448
-0.040927
-0.029206
-0.005789
0.024069
0.060081
0.089130
0.112234
0.135090
0.157138
0.168364
0.191376
0.223386
0.268759
0.331225
0.383392
0.413810
0.400798
0.348254
0.263517
0.131439
-0.033769
-0.224168
-0.397225
-0.557401
-0.673651
-0.768244
-0.818024
-0.859512
-0.851311
-0.799992
-0.707850
-0.591105
-0.452938
-0.321734
-0.203593
-0.098439
-0.002399
0.065400
0.122130
0.152353
0.168325
0.175548
0.182419
0.192367
0.196696
0.196748
0.203580
0.211130
0.216345
0.222929
0.223998
0.226137
0.242839
0.270806
0.297508
0.298212
0.272592
0.206201
0.099091
-0.059546
-0.203346
-0.345085
-0.464699
-0.550022
-0.611458
-0.633610
-0.628056
-0.585447
-0.521689
-0.438766
-0.337940
-0.228836
-0.136759
-0.042987
0.042779
0.122417
0.173631
0.215263
0.235824
0.227088
0.227440
0.232721
0.252526
0.256477
0.263361
0.259254
0.250675
0.234729
0.227610
0.212407
0.197205
0.185053
0.192420
0.220426
0.254717
0.250414
0.222121
0.131009
0.012582
-0.116784
-0.242956
-0.325254
-0.390341
-0.407943
-0.405739
-0.363091
-0.312320
-0.241079
-0.163670
-0.115898
-0.074045
-0.052375
-0.035829
-0.008697
0.019492
0.054057
0.089560
0.104163
0.128793
0.148428
0.175131
0.198834
0.232121
0.254325
0.257116
0.250127
0.227440
0.190399
0.148611
0.113238
0.081124
0.070055
0.086262
0.104267
0.093615
0.058568
-0.001656
-0.069625
-0.151662
-0.212277
-0.265838
-0.290728
-0.277286
-0.255590
-0.204884
-0.144895
-0.092194
-0.046677
-0.023495
-0.020548
-0.030979
-0.050889
-0.064592
-0.057095
-0.031227
0.007301
0.035021
0.054774
0.069273
0.083406
0.104841
0.128584
0.152248
0.162744
0.153631
0.132352
0.107136
0.077747
0.057760
0.051488
0.081594
0.129457
0.167973
0.188325
0.172158
0.124229
0.043770
-0.042361
-0.122208
-0.193880
-0.223894
-0.236893
-0.228457
-0.210804
-0.194545
-0.176330
-0.171676
-0.170124
-0.173501
-0.173814
-0.151492
-0.120591
-0.084593
-0.040940
-0.007575
0.019714
0.036442
0.038333
0.042101
0.045426
0.059064
0.076522
0.090160
0.103277
0.103837
0.094098
0.086235
0.096510
0.146420
0.219696
0.293714
0.353312
0.377029
0.347406
0.257755
0.140292
-0.002021
-0.129014
-0.235889
-0.298656
-0.324602
-0.341161
-0.336024
-0.347380
-0.369428
-0.395205
-0.421164
-0.417578
-0.384200
-0.317418
-0.230348
-0.141505
-0.064162
-0.001995
0.035464
0.056495
0.065987
0.072702
0.083263
0.090369
0.107279
0.121191
0.126172
0.139562
0.167360
0.225654
0.294640
0.367381
0.437931
0.481792
0.483383
0.439496
0.350105
0.200660
0.015359
-0.173827
-0.338566
-0.472365
-0.561560
-0.616739
-0.646062
-0.658996
-0.653481
-0.645136
-0.631433
-0.589814
-0.528156
-0.439065
-0.325267
-0.204480
-0.070303
0.041827
0.144621
0.224011
0.271601
0.302476
0.314184
0.309399
0.295670
0.273518
0.261418
0.286882
0.339048
0.394161
0.447149
0.486838
0.500319
0.472261
0.421046
0.339726
0.234220
0.127019
0.010978
-0.118284
-0.259945
-0.390602
-0.515965
-0.630677
-0.715048
-0.754397
-0.766014
-0.741307
-0.682008
-0.615852
-0.524858
-0.435610
-0.340783
-0.242135
-0.143043
-0.023247
0.088256
0.195405
0.289438
0.346702
0.377772
0.383170
0.375556
0.380706
0.424241
0.491440
0.554207
0.601510
0.622736
0.600558
0.532394
0.445115
0.322138
0.200699
0.100604
0.010105
-0.070159
-0.179655
-0.313572
-0.457919
-0.612097
-0.744292
-0.837243
-0.878431
-0.858834
-0.793982
-0.684355
-0.570348
-0.463212
-0.362856
-0.272996
-0.179029
-0.077578
0.036546
0.153930
0.271119
0.365660
0.425010
0.448505
0.451334
0.454933
0.485808
0.536044
0.588550
0.641316
0.670704
0.653233
0.594756
0.500502
0.373170
0.241483
0.121530
0.022048
-0.068230
-0.166239
-0.299112
-0.457123
-0.618290
-0.765219
-0.875927
-0.932748
-0.917402
-0.857335
-0.742558
-0.613114
-0.485730
-0.370145
-0.273583
-0.177738
-0.082233
0.030079
0.155899
0.276973
0.377903
0.451361
0.485873
0.489667
0.479797
0.467567
0.468832
0.460435
0.466276
0.474608
0.464360
0.445037
0.409964
0.353365
0.294979
0.236254
0.172536
0.096770
-0.009192
-0.153109
-0.317535
-0.488415
-0.642281
-0.765480
-0.837151
-0.844127
-0.807437
-0.718164
-0.609502
-0.509485
-0.417539
-0.339753
-0.267325
-0.185157
-0.090929
0.019088
0.134125
0.241730
0.331082
0.391749
0.420447
0.430186
0.429065
0.441204
0.444124
0.448336
0.467711
0.473187
0.465559
0.458036
0.433681
0.400055
0.364864
0.311851
0.240257
0.119248
-0.050902
-0.231143
-0.425532
-0.600662
-0.734018
-0.809523
-0.831180
-0.805351
-0.739899
-0.662321
-0.580296
-0.509446
-0.434880
-0.356402
-0.261692
-0.137776
-0.007523
0.130162
0.255851
0.353717
0.416718
0.449822
0.451374
0.445989
0.441869
0.453355
0.465377
0.461583
0.466355
0.450461
0.418308
0.398542
0.363313
0.319869
0.271653
0.188912
0.060407
-0.099261
-0.271745
-0.439235
-0.594313
-0.706468
-0.764124
-0.783799
-0.744162
-0.679231
-0.617508
-0.551091
-0.490202
-0.423146
-0.342126
-0.243647
-0.128584
-0.000235
0.124725
0.243660
0.328500
0.378268
0.398738
0.396508
0.387016
0.374004
0.363561
0.362726
0.366377
0.357028
0.343156
0.324380
0.302007
0.289594
0.281289
0.253126
0.199030
0.100134
-0.029780
-0.165104
-0.311133
-0.444776
-0.540569
-0.605917
-0.630064
-0.608185
-0.574338
-0.525288
-0.480540
-0.436275
-0.376416
-0.310990
-0.224559
-0.122586
-0.021409
0.083732
0.180907
0.250323
0.303089
0.329218
0.337275
0.335372
0.320977
0.308239
0.290181
0.262227
0.238523
0.215132
0.194453
0.186070
0.190190
0.196735
0.200243
0.192198
0.158624
0.096132
0.036807
-0.040106
-0.129692
-0.207974
-0.286713
-0.358932
-0.407421
-0.448714
-0.474425
-0.484243
-0.482379
-0.453916
-0.411150
-0.345672
-0.258576
-0.171584
-0.076978
0.015072
0.091685
0.163044
0.217440
0.254156
0.285591
0.303441
0.314224
0.314562
0.297639
0.276425
0.241509
0.204037
0.176943
0.152861
0.138245
0.132834
0.115598
0.092468
0.056273
0.014746
-0.027654
-0.086496
-0.141948
-0.194636
-0.255994
-0.306766
-0.346832
-0.384383
-0.402506
-0.406783
-0.394201
-0.356090
-0.304093
-0.234911
-0.156251
-0.078569
0.001721
0.074983
0.139301
0.199160
0.244208
0.277742
0.305279
0.318291
0.319934
0.308095
0.276217
0.233842
0.183462
0.130357
0.083889
0.041410
0.002751
-0.031488
-0.070303
-0.112651
-0.162340
-0.205562
-0.236737
-0.270310
-0.291380
-0.297365
-0.301198
-0.291302
-0.266790
-0.238054
-0.199838
-0.152600
-0.100369
-0.036468
0.031905
0.101412
0.165678
0.218561
0.261444
0.291015
0.304810
0.308800
0.300312
0.278668
0.249762
0.211651
0.170919
0.126589
0.077865
0.032791
-0.006545
-0.037498
-0.056247
-0.065609
-0.071932
-0.077187
-0.088765
-0.105832
-0.137294
-0.182471
-0.222916
-0.268524
-0.314015
-0.348306
-0.381984
-0.405974
-0.406118
-0.393262
-0.361031
-0.305462
-0.234690
-0.138376
-0.029271
0.078347
0.193423
0.293180
0.377903
0.448049
0.494270
0.523306
0.530777
0.509694
0.472639
0.414227
0.338853
0.254352
0.161310
0.066495
-0.022113
-0.102038
-0.165665
-0.215432
-0.252122
-0.271966
-0.280741
-0.284379
-0.275056
-0.271327
-0.328566
-0.328448
-0.316244
-0.327536
-0.328800
-0.335528
-0.342647
-0.345124
-0.340196
-0.324537
-0.315188
-0.295514
-0.255916
-0.196357
-0.127932
-0.047707
0.045751
0.148845
0.246529
0.346663
0.435310
0.509785
0.564142
0.599319
0.611927
0.590232
0.541286
0.473487
0.391071
0.297626
0.193971
0.084919
-0.022387
-0.126289
-0.221404
-0.300116
-0.360262
-0.400668
-0.428504
-0.443264
-0.444998
-0.444320
-0.443577
-0.435089
-0.423446
-0.400055
-0.364512
-0.318670
-0.278838
-0.236098
-0.190399
-0.145586
-0.085258
0.003729
0.124268
0.292802
0.417800
0.522511
0.572591
0.577754
0.593283
0.585955
0.564051
0.518456
0.408008
0.285630
0.190047
0.107214
0.068164
0.015633
-0.059846
-0.133369
-0.201207
-0.248458
-0.267572
-0.310025
-0.345333
-0.392962
-0.419286
-0.408830
-0.367498
-0.316297
-0.252878
-0.210060
-0.161128
-0.128271
-0.134816
-0.156916
-0.217831
-0.281445
-0.336011
-0.382257
-0.407786
-0.410042
-0.390302
-0.311772
-0.195549
0.022843
0.315801
0.503136
0.635357
0.656779
0.622893
0.613662
0.569253
0.478611
0.364617
0.191389
0.081959
0.036442
0.021448
0.040953
0.009375
-0.071489
-0.145742
-0.221664
-0.282762
-0.335906
-0.429287
-0.498325
-0.538991
-0.506682
-0.402115
-0.271836
-0.154739
-0.050602
0.016754
0.073354
0.079429
0.066274
-0.004381
-0.119405
-0.251574
-0.334589
-0.395791
-0.426901
-0.438726
-0.401632
-0.257285
-0.021552
0.230426
0.401645
0.471922
0.444111
0.404097
0.369623
0.343938
0.285657
0.193254
0.095049
0.065009
0.103068
0.160736
0.203176
0.176813
0.110878
0.019949
-0.072297
-0.165404
-0.270128
-0.379298
-0.385778
-0.388633
-0.315958
-0.192015
-0.069951
0.024799
0.088934
0.129014
0.150840
0.140097
0.101425
0.028919
-0.061580
-0.140996
-0.185014
-0.202746
-0.223060
-0.229031
-0.196305
-0.083589
0.092742
0.264508
0.341760
0.313585
0.201025
0.103681
0.055556
0.033365
0.009166
-0.030105
-0.051175
-0.010522
0.090786
0.194010
0.266086
0.252539
0.197804
0.119235
0.043652
-0.030158
-0.106680
-0.178521
-0.191416
-0.153370
-0.051188
0.053079
0.133239
0.158403
0.146772
0.105467
0.049950
-0.018840
-0.124659
-0.265838
-0.419351
-0.578367
-0.653950
-0.683482
-0.662477
-0.591927
-0.518638
-0.382818
-0.147842
0.126641
0.360927
0.484634
0.495769
0.456120
0.427839
0.414436
0.421425
0.404279
0.362426
0.350235
0.356937
0.390341
0.403810
0.363248
0.256464
0.124620
-0.010470
-0.119548
-0.212994
-0.286687
-0.326336
-0.306935
-0.205406
-0.050862
0.115063
0.241444
0.315319
0.338527
0.319400
0.267494
0.188808
0.051436
-0.108857
-0.338618
-0.603114
-0.740772
-0.819250
-0.788075
-0.700419
-0.609163
-0.441282
-0.161362
0.181780
0.475703
0.615917
0.608212
0.548327
0.501323
0.490267
0.512250
0.491714
0.453042
0.433081
0.450787
0.509511
0.538587
0.481153
0.331473
0.129823
-0.061684
-0.207896
-0.319217
-0.394761
-0.419247
-0.356142
-0.233295
-0.041384
0.161675
0.331421
0.409899
0.433433
0.410864
0.358932
0.234442
-0.000587
-0.313624
-0.605356
-0.779887
-0.832771
-0.773277
-0.693886
-0.597064
-0.476655
-0.289542
-0.032152
0.295696
0.512654
0.571417
0.548066
0.455298
0.465403
0.495560
0.526905
0.525888
0.497334
0.488076
0.549696
0.567975
0.529160
0.368763
0.137750
-0.094841
-0.268198
-0.391241
-0.460253
-0.499993
-0.478976
-0.367211
-0.183058
0.036794
0.224442
0.334602
0.368228
0.370106
0.322672
0.217166
-0.011943
-0.328109
-0.624575
-0.791165
-0.810697
-0.716638
-0.619385
-0.546058
-0.478858
-0.372075
-0.209161
-0.026024
0.151610
0.316962
0.404031
0.455676
0.506982
0.551743
0.625618
0.675750
0.690861
0.678253
0.632737
0.559292
0.473917
0.315501
0.142274
-0.060341
-0.225667
-0.342034
-0.398477
-0.414449
-0.389650
-0.327314
-0.210517
-0.070081
0.069481
0.183201
0.252409
0.291615
0.285591
0.236567
0.118936
-0.136863
-0.428309
-0.641681
-0.722114
-0.687850
-0.604691
-0.569031
-0.524792
-0.476238
-0.373235
-0.240166
-0.138167
-0.057538
0.070420
0.266647
0.462730
0.638239
0.742754
0.786002
0.818102
0.806055
0.770174
0.673507
0.504557
0.318357
0.138532
-0.018984
-0.135768
-0.243034
-0.319178
-0.352752
-0.339544
-0.299282
-0.233920
-0.177099
-0.116628
-0.053757
0.020014
0.102898
0.175066
0.203072
0.177243
0.084110
-0.100147
-0.354655
-0.534962
-0.640925
-0.657249
-0.631315
-0.634366
-0.615591
-0.578967
-0.492210
-0.366233
-0.250362
-0.162666
-0.049819
0.130305
0.399194
0.625761
0.772925
0.827790
0.846435
0.842993
0.816668
0.718385
0.557206
0.333051
0.126250
-0.031070
-0.133199
-0.195966
-0.258080
-0.310247
-0.325254
-0.295644
-0.242904
-0.186565
-0.152014
-0.114294
-0.060719
0.024330
0.115037
0.174883
0.178886
0.125246
0.013038
-0.190099
-0.388099
-0.525157
-0.619829
-0.627169
-0.654458
-0.648044
-0.616269
-0.542016
-0.427331
-0.301681
-0.214154
-0.113681
0.007367
0.213828
0.472848
0.690157
0.830606
0.882786
0.898588
0.897610
0.843879
0.715491
0.514883
0.275369
0.072363
-0.074762
-0.165978
-0.237180
-0.298356
-0.334498
-0.318252
-0.255342
-0.186761
-0.141283
-0.120983
-0.097344
-0.045087
0.028332
0.100825
0.140592
0.134347
0.082181
-0.040484
-0.235655
-0.387486
-0.504101
-0.560609
-0.581887
-0.611732
-0.621602
-0.598863
-0.539513
-0.437488
-0.340078
-0.259723
-0.154687
-0.034017
0.171597
0.425636
0.648109
0.796889
0.877818
0.910688
0.930258
0.872198
0.745857
0.546592
0.312659
0.101855
-0.062780
-0.183762
-0.260858
-0.324615
-0.338123
-0.324772
-0.267651
-0.207544
-0.167555
-0.139223
-0.105441
-0.070407
-0.019271
0.012465
0.032974
0.029154
-0.006454
-0.110330
-0.271288
-0.385048
-0.450083
-0.470540
-0.469614
-0.496812
-0.505183
-0.489367
-0.442390
-0.357328
-0.287247
-0.236385
-0.161271
-0.069559
0.083145
0.273570
0.443837
0.570400
0.663533
0.727421
0.782351
0.780317
0.716690
0.588719
0.424202
0.263570
0.138584
0.034369
-0.045100
-0.113798
-0.156460
-0.161675
-0.139823
-0.116106
-0.105454
-0.106445
-0.104502
-0.096405
-0.087957
-0.083693
-0.096744
-0.123473
-0.173384
-0.283257
-0.423093
-0.503057
-0.527322
-0.499654
-0.474869
-0.455624
-0.417357
-0.353430
-0.270350
-0.173188
-0.109796
-0.063966
-0.020483
0.035686
0.129497
0.246581
0.347250
0.420629
0.497112
0.570166
0.625839
0.648917
0.617730
0.527061
0.417670
0.307326
0.215797
0.135390
0.057421
-0.003559
-0.040158
-0.050602
-0.039011
-0.039532
-0.053183
-0.076731
-0.102885
-0.121439
-0.133121
-0.155247
-0.189290
-0.233008
-0.287560
-0.381527
-0.491140
-0.557349
-0.576568
-0.541507
-0.500815
-0.456784
-0.398269
-0.317600
-0.211586
-0.104789
-0.024108
0.039311
0.096301
0.157725
0.240609
0.336636
0.410368
0.469288
0.530321
0.581418
0.613114
0.616478
0.572643
0.479523
0.371566
0.259854
0.150032
0.043965
-0.052010
-0.123004
-0.164661
-0.166525
-0.147868
-0.129510
-0.112025
-0.092181
-0.071867
-0.052936
-0.042231
-0.047016
-0.069651
-0.107175
-0.154504
-0.239123
-0.362713
-0.458753
-0.515261
-0.531051
-0.523202
-0.518221
-0.480149
-0.416092
-0.325163
-0.217062
-0.115089
-0.025138
0.064748
0.140384
0.237923
0.346989
0.438140
0.508547
0.571443
0.613883
0.641472
0.643950
0.609854
0.543137
0.448088
0.340639
0.232930
0.121465
0.018540
-0.080368
-0.161936
-0.211886
-0.236554
-0.244573
-0.233829
-0.213463
-0.185157
-0.147907
-0.110148
-0.077982
-0.061163
-0.062141
-0.072102
-0.103211
-0.164218
-0.223229
-0.271966
-0.314667
-0.352295
-0.388790
-0.405974
-0.404527
-0.377720
-0.330991
-0.273922
-0.209682
-0.137411
-0.058268
0.038841
0.154178
0.266960
0.358736
0.451465
0.531090
0.587937
0.628108
0.638395
0.611810
0.557818
0.484426
0.400759
0.305084
0.199669
0.094658
-0.009870
-0.102781
-0.177686
-0.241013
-0.286348
-0.315345
-0.331656
-0.324745
-0.300611
-0.268381
-0.229983
-0.197113
-0.169759
-0.150527
-0.153331
-0.157438
-0.163748
-0.197374
-0.240127
-0.279659
-0.323963
-0.347406
-0.354955
-0.353273
-0.339296
-0.316257
-0.273244
-0.205223
-0.121648
-0.010900
0.109704
0.214063
0.328879
0.441830
0.539043
0.625748
0.673390
0.676506
0.652633
0.600519
0.532211
0.442364
0.333742
0.217831
0.089247
-0.036181
-0.134021
-0.223138
-0.297000
-0.350874
-0.389507
-0.404044
-0.390576
-0.362856
-0.325045
-0.291354
-0.259762
-0.233386
-0.222160
-0.202576
-0.195653
-0.214207
-0.232812
-0.253374
-0.276073
-0.281419
-0.274691
-0.265382
-0.249840
-0.223033
-0.176461
-0.112808
-0.037172
0.055517
0.150906
0.245538
0.335293
0.428361
0.511311
0.572043
0.613401
0.624575
0.599841
0.555693
0.494113
0.415570
0.324954
0.220934
0.108557
0.000926
-0.099508
-0.187452
-0.260636
-0.319817
-0.362517
-0.387473
-0.387851
-0.369780
-0.344851
-0.314706
-0.282110
-0.257285
-0.242852
-0.225341
-0.217896
-0.232917
-0.248784
-0.264469
-0.283362
-0.286009
-0.285696
-0.279020
-0.261992
-0.236554
-0.194232
-0.135820
-0.067669
0.016011
0.099795
0.195666
0.290181
0.371123
0.454425
0.523202
0.564090
0.591940
0.589384
0.561600
0.516265
0.444776
0.362465
0.269906
0.164557
0.059350
-0.045034
-0.138271
-0.218992
-0.292997
-0.346832
-0.380210
-0.396078
-0.391749
-0.375712
-0.351513
-0.322255
-0.296896
-0.279594
-0.262892
-0.248641
-0.250701
-0.260610
-0.271875
-0.286348
-0.291393
-0.284353
-0.273218
-0.256307
-0.231717
-0.194740
-0.143656
-0.080577
-0.004629
0.079664
0.174153
0.267951
0.350887
0.433681
0.513045
0.560895
0.595238
0.612358
0.586516
0.538000
0.456498
0.360158
0.252318
0.142678
0.035608
-0.060250
-0.157516
-0.240218
-0.313572
-0.367798
-0.398086
-0.402923
-0.388842
-0.360131
-0.328266
-0.287325
-0.246555
-0.211638
-0.178638
-0.143656
-0.140318
-0.159824
-0.201442
-0.243334
-0.281080
-0.303480
-0.322477
-0.345907
-0.358815
-0.352947
-0.317587
-0.245433
-0.137372
0.005672
0.187687
0.363978
0.512236
0.611667
0.661121
0.697576
0.681513
0.664016
0.614692
0.527139
0.418269
0.294705
0.164622
0.053614
-0.052414
-0.142470
-0.236763
-0.327822
-0.401502
-0.468558
-0.495300
-0.482978
-0.443485
-0.375451
-0.297561
-0.218288
-0.138780
-0.074201
-0.024147
0.002295
0.003872
-0.045178
-0.131687
-0.237193
-0.347784
-0.440239
-0.498090
-0.532524
-0.544389
-0.528091
-0.482470
-0.392101
-0.271601
-0.122547
0.047342
0.251640
0.473578
0.644888
0.766053
0.805481
0.806016
0.755871
0.705595
0.649021
0.559187
0.450265
0.309282
0.157607
0.008006
-0.121543
-0.237506
-0.334981
-0.421073
-0.490723
-0.535901
-0.548118
-0.515353
-0.444633
-0.338266
-0.218001
-0.104893
-0.020353
0.028515
0.041918
0.037433
0.003546
-0.066287
-0.168872
-0.288616
-0.410472
-0.513423
-0.569070
-0.590779
-0.573934
-0.531898
-0.470501
-0.378920
-0.261953
-0.111582
0.072454
0.304953
0.528169
0.709441
0.818337
0.843788
0.828585
0.761229
0.702322
0.629321
0.538782
0.424867
0.269958
0.109639
-0.058816
-0.202889
-0.313559
-0.400420
-0.462261
-0.505704
-0.534467
-0.533241
-0.496212
-0.421946
-0.310390
-0.192706
-0.083041
-0.010274
0.014746
0.014720
-0.012517
-0.070120
-0.153865
-0.250427
-0.360457
-0.475208
-0.551964
-0.593674
-0.588432
-0.540165
-0.461152
-0.367276
-0.255486
-0.129444
0.025985
0.214832
0.447084
0.655775
0.825013
0.899149
0.888249
0.825404
0.707277
0.606725
0.494257
0.379480
0.252148
0.093693
-0.054996
-0.211768
-0.331825
-0.428869
-0.488624
-0.499355
-0.485025
-0.440252
-0.384304
-0.319804
-0.246476
-0.170528
-0.100486
-0.058346
-0.083002
-0.136459
-0.200216
-0.269619
-0.321890
-0.395165
-0.446184
-0.503801
-0.545171
-0.537622
-0.508977
-0.458453
-0.381579
-0.311355
-0.210569
-0.097918
0.045934
0.220517
0.420316
0.639373
0.807672
0.911809
0.922239
0.861507
0.734592
0.581274
0.429743
0.269007
0.134973
0.006715
-0.109457
-0.205719
-0.290624
-0.332203
-0.360379
-0.348827
-0.314536
-0.268550
-0.208222
-0.160945
-0.117488
-0.088661
-0.065335
-0.051228
-0.055335
-0.112273
-0.211103
-0.308656
-0.404344
-0.455090
-0.511937
-0.536436
-0.568236
-0.594117
-0.579971
-0.543776
-0.470488
-0.376169
-0.263961
-0.142809
-0.002582
0.156955
0.358971
0.582722
0.787932
0.946882
0.998292
0.961811
0.830619
0.637365
0.454581
0.278798
0.142587
0.032335
-0.076235
-0.162679
-0.255434
-0.312698
-0.343442
-0.349610
-0.309086
-0.271523
-0.222942
-0.180372
-0.147946
-0.108505
-0.078569
-0.048072
-0.033169
-0.055582
-0.137111
-0.241365
-0.352778
-0.441738
-0.496251
-0.548770
-0.563738
-0.588185
-0.591627
-0.570087
-0.522211
-0.429013
-0.319700
-0.181402
-0.034043
0.122065
0.307170
0.510894
0.709076
0.884024
0.984667
1.000000
0.925290
0.763654
0.580596
0.392923
0.240153
0.123721
0.014264
-0.075883
-0.176213
-0.265056
-0.324237
-0.354525
-0.332008
-0.288551
-0.231834
-0.178351
-0.147190
-0.120083
-0.100538
-0.077943
-0.053431
-0.043235
-0.077213
-0.177217
-0.298956
-0.435024
-0.525822
-0.573647
-0.589293
-0.554572
-0.538430
-0.507334
-0.480697
-0.441973
-0.363952
-0.256555
-0.095310
0.083002
0.294483
0.508860
0.690314
0.839224
0.921418
0.944978
0.900192
0.800110
0.660821
0.491232
0.325749
0.167243
0.028410
-0.095075
-0.199212
-0.275708
-0.327040
-0.346845
-0.337314
-0.301537
-0.259971
-0.211077
-0.165300
-0.127815
-0.084788
-0.047629
-0.011839
0.011748
0.001056
-0.064227
-0.188782
-0.327601
-0.461478
-0.548118
-0.587129
-0.577428
-0.539108
-0.508690
-0.467059
-0.440617
-0.396717
-0.309738
-0.170958
0.028515
0.257403
0.494374
0.691344
0.829667
0.906489
0.918902
0.876710
0.803930
0.703835
0.568562
0.417409
0.246698
0.070237
-0.099091
-0.236372
-0.329191
-0.377303
-0.378894
-0.362961
-0.337784
-0.306844
-0.274887
-0.241065
-0.188365
-0.115754
-0.039480
0.029427
0.066952
0.063079
-0.014929
-0.147855
-0.293232
-0.436875
-0.521572
-0.573582
-0.578667
-0.548118
-0.533515
-0.496656
-0.465794
-0.414384
-0.319621
-0.188821
0.011721
0.233021
0.460931
0.659869
0.801022
0.890413
0.914677
0.895876
0.837386
0.749351
0.630546
0.476329
0.300950
0.113094
-0.070094
-0.224898
-0.339075
-0.405674
-0.427005
-0.415466
-0.391293
-0.358071
-0.322764
-0.277129
-0.215941
-0.144412
-0.060576
0.006258
0.047303
0.051827
-0.006363
-0.114124
-0.247715
-0.380106
-0.485782
-0.557936
-0.586790
-0.576659
-0.555511
-0.521833
-0.479914
-0.420760
-0.313650
-0.163175
0.040354
0.265395
0.483278
0.673938
0.791934
0.865653
0.889031
0.865614
0.815051
0.720967
0.600701
0.444581
0.267442
0.089938
-0.086183
-0.236020
-0.353104
-0.427448
-0.463095
-0.457906
-0.431960
-0.388268
-0.328813
-0.267703
-0.193789
-0.120970
-0.042009
0.024799
0.059220
0.065218
0.003338
-0.103981
-0.238653
-0.378450
-0.477750
-0.543659
-0.562095
-0.553477
-0.532746
-0.492496
-0.438348
-0.346480
-0.213737
-0.045165
0.153122
0.347223
0.524506
0.673651
0.778427
0.842497
0.856344
0.830059
0.763029
0.665398
0.534219
0.374552
0.189017
-0.005854
-0.188052
-0.343051
-0.454855
-0.515040
-0.534454
-0.513684
-0.475077
-0.415153
-0.344342
-0.261744
-0.170320
-0.081463
0.004824
0.060041
0.076835
0.047499
-0.037668
-0.151114
-0.277664
-0.394005
-0.483604
-0.542420
-0.555550
-0.547609
-0.517700
-0.456341
-0.370679
-0.254378
-0.109587
0.053679
0.167295
0.274326
0.364916
0.433159
0.485860
0.526526
0.549617
0.559592
0.556906
0.524297
0.461452
0.376742
0.279020
0.185548
0.103003
0.051293
0.021370
0.008397
0.015946
0.027967
0.059976
0.101608
0.151297
0.210295
0.258498
0.297274
0.308682
0.292163
0.247702
0.162444
0.056000
-0.059455
-0.168951
-0.267481
-0.340287
-0.380106
-0.393653
-0.373822
-0.338097
-0.280115
-0.206331
-0.120813
-0.023808
0.073992
0.173123
0.267638
0.352882
0.429547
0.493500
0.545615
0.577989
0.590805
0.579605
0.541547
0.484491
0.407408
0.328540
0.248510
0.172145
0.110774
0.062036
0.033913
0.021852
0.032648
0.061293
0.100995
0.149706
0.194753
0.233868
0.255760
0.255016
0.223281
0.157086
0.067538
-0.034891
-0.135273
-0.224598
-0.283127
-0.323963
-0.344720
