-0.093993
-0.055770
-0.012643
0.042795
0.106406
0.198968
0.301172
0.430438
0.555221
0.653428
0.725135
0.731661
0.715800
0.665292
0.591413
0.483679
0.366571
0.223079
0.070546
-0.058554
-0.164960
-0.240690
-0.288031
-0.313713
-0.321950
-0.322538
-0.315246
-0.286154
-0.264891
-0.244253
-0.235786
-0.224165
-0.224625
-0.212045
-0.186466
-0.157553
-0.124157
-0.087875
-0.047431
-0.017189
0.022119
0.060955
0.106814
0.174985
0.267892
0.378154
0.488047
0.575488
0.630645
0.643428
0.631079
0.583648
0.511277
0.430859
0.332448
0.220525
0.108577
-0.002209
-0.103494
-0.176287
-0.226017
-0.249132
-0.252337
-0.252695
-0.251264
-0.251073
-0.238379
-0.223488
-0.208380
-0.193068
-0.182085
-0.167309
-0.148779
-0.116265
-0.077199
-0.034085
0.002388
0.034532
0.062283
0.087339
0.110671
0.144654
0.189160
0.255147
0.334581
0.411499
0.475736
0.513690
0.522949
0.502056
0.452352
0.394194
0.326688
0.258275
0.186414
0.108896
0.033600
-0.035094
-0.096470
-0.146583
-0.192046
-0.221138
-0.233590
-0.234024
-0.220563
-0.204983
-0.187730
-0.164066
-0.140044
-0.111437
-0.086177
-0.061210
-0.040394
-0.020855
-0.000600
0.022055
0.045694
0.064365
0.083712
0.099650
0.116712
0.122408
0.122293
0.148920
0.176402
0.195571
0.217422
0.216796
0.189837
0.142279
0.059346
-0.052884
-0.199313
-0.320916
-0.429454
-0.514227
-0.603647
-0.684537
-0.738098
-0.747637
-0.742082
-0.699377
-0.643530
-0.558745
-0.451893
-0.336062
-0.227485
-0.129712
-0.040981
0.035400
0.083329
0.105754
0.113609
0.117006
0.119534
0.125396
0.131641
0.131398
0.133020
0.138690
0.137758
0.141960
0.155126
0.183924
0.248544
0.319920
0.373825
0.397617
0.376916
0.323598
0.215430
0.059895
-0.133173
-0.313879
-0.466656
-0.574722
-0.658038
-0.705481
-0.758454
-0.777023
-0.763601
-0.709670
-0.637375
-0.532744
-0.416799
-0.297290
-0.178280
-0.065808
0.019973
0.092320
0.136532
0.161831
0.182928
0.202263
0.226080
0.235978
0.234458
0.233653
0.221700
0.210385
0.195367
0.177603
0.173784
0.206797
0.260306
0.310444
0.339676
0.335679
0.273741
0.154015
-0.015427
-0.182570
-0.338118
-0.460845
-0.552462
-0.611872
-0.639367
-0.637847
-0.606636
-0.563943
-0.499042
-0.422980
-0.333840
-0.248416
-0.153223
-0.060789
0.026742
0.086164
0.128435
0.146110
0.146685
0.164845
0.193145
0.241278
0.275593
0.298771
0.302756
0.296856
0.277610
0.269680
0.262298
0.284583
0.327225
0.366329
0.396812
0.396800
0.334210
0.217435
0.041760
-0.151972
-0.341272
-0.492082
-0.569498
-0.612881
-0.613494
-0.595551
-0.547494
-0.501124
-0.424806
-0.336956
-0.258275
-0.175470
-0.098565
-0.028415
0.039589
0.093967
0.136864
0.163210
0.159634
0.166083
0.177309
0.207461
0.237906
0.272540
0.292348
0.287572
0.271774
0.254317
0.246769
0.274558
0.332026
0.382279
0.428484
0.439760
0.387656
0.266628
0.099803
-0.102089
-0.284111
-0.426172
-0.510817
-0.556408
-0.563713
-0.541403
-0.525746
-0.500051
-0.462888
-0.423733
-0.365843
-0.287546
-0.208163
-0.126737
-0.053854
0.000217
0.049602
0.088501
0.127248
0.152253
0.174525
0.202506
0.225927
0.251532
0.264546
0.265797
0.259374
0.259885
0.287572
0.332933
0.381309
0.429646
0.456682
0.446312
0.384987
0.279245
0.117223
-0.060840
-0.225863
-0.363110
-0.457627
-0.514227
-0.538593
-0.546115
-0.552501
-0.553675
-0.556702
-0.539168
-0.492606
-0.422878
-0.334300
-0.235173
-0.143466
-0.048886
0.024622
0.083252
0.130313
0.164359
0.198393
0.225876
0.239592
0.245517
0.240601
0.243359
0.277955
0.343073
0.409660
0.475633
0.520165
0.531799
0.496820
0.427309
0.331235
0.206426
0.082614
-0.036959
-0.146915
-0.259553
-0.363545
-0.457793
-0.549052
-0.628601
-0.681957
-0.707397
-0.709491
-0.668127
-0.608896
-0.527815
-0.439633
-0.352549
-0.259846
-0.173312
-0.075730
0.017164
0.099420
0.173797
0.225123
0.258901
0.272617
0.274686
0.288989
0.333125
0.396480
0.467090
0.531237
0.575156
0.582167
0.545847
0.476796
0.364349
0.247906
0.146238
0.056638
-0.014469
-0.084542
-0.161167
-0.270663
-0.418625
-0.581707
-0.731125
-0.860531
-0.927769
-0.941983
-0.897196
-0.812755
-0.704626
-0.585960
-0.481316
-0.373493
-0.267841
-0.159417
-0.037904
0.088910
0.213399
0.313343
0.392036
0.448751
0.493704
0.550713
0.608960
0.651959
0.685763
0.696874
0.671754
0.618474
0.533383
0.410694
0.279769
0.154769
0.048376
-0.035286
-0.102549
-0.163976
-0.226630
-0.302781
-0.389648
-0.502682
-0.628078
-0.723641
-0.797303
-0.827787
-0.816446
-0.753384
-0.665445
-0.563994
-0.453042
-0.350352
-0.245939
-0.146672
-0.049678
0.036716
0.121973
0.211369
0.291582
0.373557
0.453961
0.522694
0.556511
0.575794
0.584964
0.572780
0.556779
0.536205
0.490345
0.437768
0.370007
0.285669
0.194754
0.100404
0.007969
-0.083023
-0.173235
-0.256028
-0.343520
-0.453578
-0.568617
-0.676147
-0.770663
-0.826458
-0.846572
-0.814952
-0.748914
-0.656365
-0.530050
-0.415879
-0.301773
-0.198534
-0.113455
-0.024328
0.063815
0.157093
0.253691
0.355027
0.458929
0.534507
0.581873
0.624221
0.633888
0.627784
0.627720
0.614962
0.593890
0.561657
0.501558
0.420834
0.319805
0.204907
0.082103
-0.042871
-0.160337
-0.271621
-0.390619
-0.530228
-0.672775
-0.805974
-0.912176
-0.974637
-0.986182
-0.937973
-0.850046
-0.712135
-0.557634
-0.404922
-0.261941
-0.138856
-0.028875
0.069166
0.171945
0.276142
0.384297
0.492772
0.593214
0.658830
0.687283
0.699568
0.679237
0.646365
0.617440
0.580021
0.530586
0.476131
0.402815
0.310738
0.210743
0.095844
-0.017687
-0.130543
-0.246501
-0.366520
-0.511941
-0.653134
-0.777227
-0.887541
-0.955047
-0.968073
-0.929480
-0.839191
-0.705852
-0.559614
-0.411678
-0.277342
-0.159200
-0.055974
0.032604
0.126162
0.221087
0.314518
0.412265
0.493257
0.559499
0.608334
0.620339
0.616801
0.606917
0.578068
0.556025
0.525899
0.477268
0.422622
0.352523
0.272055
0.187194
0.091413
-0.006679
-0.113775
-0.256002
-0.415841
-0.571082
-0.720755
-0.836586
-0.912354
-0.925176
-0.883646
-0.801338
-0.675994
-0.547265
-0.421371
-0.304812
-0.196273
-0.095870
0.004942
0.112408
0.214280
0.314020
0.399239
0.464012
0.499195
0.509706
0.501775
0.490716
0.474573
0.456133
0.448368
0.426836
0.401269
0.370415
0.325833
0.277266
0.222543
0.161205
0.090085
-0.003818
-0.139584
-0.296715
-0.451548
-0.590902
-0.704638
-0.776870
-0.799193
-0.780177
-0.710270
-0.618180
-0.525043
-0.433988
-0.350199
-0.262847
-0.171677
-0.067928
0.041850
0.151499
0.253218
0.342664
0.400069
0.429429
0.431791
0.413517
0.388486
0.356725
0.327250
0.300751
0.275209
0.251405
0.216145
0.180042
0.155892
0.132662
0.115486
0.097428
0.049257
-0.038695
-0.148064
-0.261979
-0.373978
-0.471777
-0.532514
-0.560150
-0.556536
-0.509386
-0.452276
-0.391998
-0.334977
-0.281748
-0.226106
-0.163810
-0.088591
-0.005300
0.076535
0.155356
0.226438
0.272362
0.303062
0.316957
0.313445
0.299883
0.280305
0.256794
0.227383
0.190271
0.145178
0.092601
0.044148
0.012285
-0.007892
-0.018415
-0.024213
-0.035145
-0.064135
-0.104107
-0.128563
-0.162010
-0.195597
-0.211867
-0.228826
-0.240281
-0.233679
-0.228801
-0.217843
-0.200207
-0.179007
-0.143441
-0.105895
-0.057072
-0.000281
0.044021
0.088872
0.124847
0.141960
0.158983
0.164985
0.161371
0.163619
0.163746
0.167169
0.169136
0.158868
0.150963
0.131935
0.107542
0.088552
0.065310
0.041313
0.017790
-0.019360
-0.066472
-0.132803
-0.198100
-0.257254
-0.329855
-0.383991
-0.418574
-0.449734
-0.451918
-0.434524
-0.401499
-0.340800
-0.272362
-0.183350
-0.078821
0.025465
0.134897
0.235876
0.319166
0.387617
0.429710
0.450424
0.454447
0.433362
0.396148
0.352179
0.294813
0.231559
0.161320
0.085091
0.010638
-0.060418
-0.117746
-0.157425
-0.187513
-0.200296
-0.206094
-0.267943
-0.279935
-0.297673
-0.328272
-0.347326
-0.384157
-0.406416
-0.421932
-0.446312
-0.451190
-0.460819
-0.465442
-0.439518
-0.391078
-0.324798
-0.232108
-0.115869
0.023268
0.156569
0.288798
0.413912
0.517943
0.599676
0.666811
0.705162
0.708061
0.681791
0.627197
0.553765
0.459312
0.341719
0.214229
0.082078
-0.045387
-0.157936
-0.252720
-0.327723
-0.383033
-0.429314
-0.463016
-0.490396
-0.518850
-0.532770
-0.546128
-0.552437
-0.531761
-0.508020
-0.472160
-0.423618
-0.376941
-0.323266
-0.261494
-0.183771
-0.065578
0.085589
0.283753
0.442557
0.572385
0.647157
0.676172
0.703617
0.709632
0.698049
0.650401
0.540432
0.411128
0.300917
0.202518
0.140108
0.064556
-0.031442
-0.124438
-0.202582
-0.260268
-0.290688
-0.337748
-0.383365
-0.441740
-0.477255
-0.488889
-0.478073
-0.456120
-0.417654
-0.399928
-0.368934
-0.345985
-0.355448
-0.373199
-0.411626
-0.440284
-0.451842
-0.442979
-0.407578
-0.349625
-0.271008
-0.139993
0.019169
0.269220
0.583418
0.786282
0.923478
0.940118
0.891615
0.854056
0.769654
0.633058
0.467218
0.239617
0.079562
-0.012298
-0.066561
-0.075999
-0.124285
-0.210628
-0.281723
-0.349778
-0.396749
-0.433630
-0.512784
-0.572857
-0.612344
-0.590379
-0.506181
-0.398843
-0.308605
-0.237485
-0.196133
-0.158319
-0.167335
-0.180042
-0.232223
-0.315948
-0.397860
-0.422533
-0.412674
-0.364694
-0.303650
-0.190629
0.017956
0.302207
0.590685
0.782323
0.858360
0.820929
0.752069
0.676019
0.596253
0.473960
0.313394
0.146263
0.046728
0.019143
0.016985
0.013550
-0.045221
-0.131513
-0.225889
-0.310406
-0.390082
-0.467575
-0.546766
-0.576944
-0.550253
-0.448138
-0.315003
-0.183963
-0.095104
-0.033906
-0.004304
-0.003550
-0.028645
-0.100161
-0.203949
-0.304097
-0.379712
-0.407706
-0.394973
-0.365601
-0.300393
-0.197985
-0.007152
0.248672
0.491980
0.635868
0.671498
0.607913
0.536665
0.491571
0.452569
0.395331
0.305834
0.215327
0.171805
0.177411
0.181370
0.157782
0.058899
-0.063522
-0.190642
-0.299614
-0.388895
-0.460411
-0.514980
-0.501916
-0.433337
-0.295004
-0.138614
-0.003371
0.080634
0.117925
0.111552
0.079281
0.019246
-0.075999
-0.190424
-0.296485
-0.359484
-0.387426
-0.384233
-0.371871
-0.342460
-0.288504
-0.177896
0.033357
0.275209
0.431012
0.480090
0.454613
0.400146
0.401167
0.405356
0.402993
0.371488
0.314671
0.293791
0.305872
0.310968
0.287137
0.192596
0.043357
-0.101068
-0.166505
-0.251507
-0.316523
-0.359918
-0.366520
-0.317979
-0.221023
-0.084977
0.034289
0.114081
0.165726
0.178050
0.155931
0.104707
0.039232
-0.042884
-0.132267
-0.208240
-0.248787
-0.278836
-0.305336
-0.331107
-0.346994
-0.329626
-0.261941
-0.103111
0.115090
0.241788
0.299793
0.291914
0.280522
0.331860
0.377848
0.414806
0.416760
0.387924
0.380313
0.400350
0.405982
0.388843
0.294800
0.169493
0.055451
-0.033102
-0.097479
-0.158306
-0.225761
-0.256832
-0.243053
-0.177296
-0.086266
-0.014993
0.010268
-0.024699
-0.109854
-0.249055
-0.361310
-0.472786
-0.543459
-0.570878
-0.583355
-0.555489
-0.509795
-0.444294
-0.327212
-0.188560
-0.056766
0.085347
0.215136
0.420579
0.607479
0.709466
0.750881
0.702863
0.672711
0.657540
0.628448
0.589587
0.507726
0.410924
0.351604
0.289181
0.215736
0.118806
-0.022259
-0.151218
-0.225748
-0.263422
-0.241750
-0.217613
-0.168676
-0.085423
0.016168
0.133569
0.222415
0.225404
0.157233
-0.025465
-0.293663
-0.478085
-0.641168
-0.716004
-0.729886
-0.740128
-0.680131
-0.562806
-0.427143
-0.230742
-0.096738
-0.004802
0.079958
0.149724
0.311121
0.557890
0.719861
0.821222
0.832435
0.805910
0.842613
0.850365
0.815718
0.700207
0.498634
0.312155
0.182417
0.063586
-0.015670
-0.134323
-0.218201
-0.282003
-0.274456
-0.209708
-0.115997
-0.068873
-0.008952
0.053011
0.138294
0.185406
0.115001
-0.065131
-0.288427
-0.450194
-0.523639
-0.535694
-0.540113
-0.559537
-0.564084
-0.498914
-0.381424
-0.249285
-0.172341
-0.164423
-0.151525
-0.119572
-0.014725
0.140912
0.360403
0.619125
0.807839
0.933081
0.997957
0.981227
0.930463
0.782463
0.582525
0.361680
0.151933
0.003691
-0.075654
-0.132049
-0.156122
-0.171664
-0.162904
-0.129265
-0.089766
-0.072691
-0.073419
-0.087250
-0.098143
-0.109164
-0.177360
-0.295387
-0.418714
-0.482836
-0.463169
-0.376456
-0.302756
-0.286703
-0.314875
-0.336956
-0.322359
-0.287712
-0.279181
-0.314032
-0.342307
-0.325973
-0.218150
-0.058656
0.124234
0.314428
0.546013
0.790292
0.957269
1.000000
0.927922
0.781723
0.615396
0.443643
0.291658
0.158957
0.045617
-0.011532
-0.026972
0.001903
0.043740
0.048107
0.013563
-0.039359
-0.092907
-0.132496
-0.173835
-0.224254
-0.292475
-0.424461
-0.544506
-0.568055
-0.491954
-0.367146
-0.238736
-0.191152
-0.171549
-0.185431
-0.200897
-0.211215
-0.254483
-0.317928
-0.359535
-0.370696
-0.297098
-0.162035
-0.006628
0.152100
0.294927
0.431574
0.609049
0.760523
0.825411
0.789002
0.651065
0.525695
0.425087
0.349037
0.283804
0.207639
0.141283
0.108360
0.101796
0.101285
0.073892
0.004840
-0.080149
-0.150452
-0.194205
-0.226770
-0.281850
-0.366405
-0.500102
-0.649354
-0.668931
-0.601259
-0.462824
-0.325526
-0.260817
-0.208738
-0.174665
-0.141295
-0.116278
-0.140861
-0.205571
-0.255619
-0.286013
-0.242133
-0.152904
-0.057034
0.039474
0.131654
0.224739
0.337671
0.444396
0.547533
0.581311
0.546613
0.491737
0.451382
0.440808
0.420809
0.381130
0.322104
0.262017
0.215340
0.180565
0.124515
0.058183
-0.025912
-0.109471
-0.178573
-0.236884
-0.300496
-0.379431
-0.486297
-0.642189
-0.743436
-0.742989
-0.676134
-0.533229
-0.442021
-0.350799
-0.263754
-0.161690
-0.056434
0.014176
-0.001341
-0.035068
-0.074453
-0.073547
-0.031723
0.021263
0.064633
0.105550
0.143620
0.199722
0.244892
0.269450
0.284353
0.269424
0.249093
0.249489
0.278402
0.316536
0.350110
0.380108
0.410975
0.441484
0.451203
0.427833
0.364554
0.281301
0.192455
0.094899
-0.004202
-0.109471
-0.231214
-0.365511
-0.531940
-0.726847
-0.832473
-0.858449
-0.796703
-0.693834
-0.609484
-0.517279
-0.408115
-0.288453
-0.155216
-0.064313
-0.025669
0.007573
0.029769
0.093954
0.166518
0.229171
0.266283
0.286869
0.292029
0.302437
0.284890
0.243589
0.187027
0.121322
0.071861
0.068783
0.104899
0.157029
0.226630
0.314645
0.391257
0.469555
0.516359
0.517956
0.486157
0.422443
0.338987
0.241699
0.115115
-0.014188
-0.157872
-0.313662
-0.503665
-0.732645
-0.869279
-0.917565
-0.886200
-0.803177
-0.734611
-0.639597
-0.519016
-0.380223
-0.214702
-0.087556
-0.015018
0.053752
0.110658
0.196989
0.285349
0.345908
0.371220
0.377886
0.369419
0.369074
0.342613
0.293165
0.229975
0.150707
0.093980
0.093763
0.114030
0.151742
0.201816
0.258914
0.324734
0.390453
0.435457
0.439786
0.403594
0.343277
0.271940
0.179531
0.079332
-0.040470
-0.173095
-0.316548
-0.503933
-0.703527
-0.817672
-0.855461
-0.817378
-0.765631
-0.705928
-0.613570
-0.493461
-0.353507
-0.194243
-0.081733
0.002018
0.069383
0.125166
0.203297
0.277457
0.322193
0.338987
0.340532
0.338680
0.336828
0.307634
0.266602
0.206567
0.137898
0.089932
0.084006
0.099178
0.129240
0.174742
0.234037
0.303382
0.369866
0.414717
0.427156
0.402917
0.358028
0.290483
0.203515
0.102128
-0.023281
-0.163274
-0.310699
-0.492069
-0.676223
-0.799602
-0.856814
-0.835500
-0.796434
-0.740333
-0.652291
-0.532450
-0.380811
-0.218942
-0.088169
0.014508
0.095908
0.168037
0.244700
0.311517
0.352728
0.367389
0.365831
0.360837
0.348462
0.319575
0.274660
0.218163
0.158523
0.104196
0.079396
0.074185
0.083584
0.119189
0.172354
0.234560
0.298771
0.350595
0.382228
0.390389
0.374029
0.332703
0.263626
0.168114
0.054684
-0.076982
-0.217384
-0.382994
-0.575232
-0.723718
-0.808694
-0.835807
-0.825232
-0.801798
-0.735684
-0.634399
-0.498531
-0.339127
-0.188292
-0.063049
0.049691
0.138614
0.227268
0.305553
0.361693
0.385689
0.387311
0.372305
0.354886
0.324709
0.288798
0.249898
0.210360
0.163185
0.135702
0.125421
0.132381
0.145982
0.167437
0.185904
0.213923
0.244994
0.273294
0.288504
0.287201
0.266449
0.222709
0.158357
0.085245
-0.006845
-0.112114
-0.228124
-0.364119
-0.484573
-0.570035
-0.627439
-0.661448
-0.682596
-0.676121
-0.637413
-0.564262
-0.463208
-0.355818
-0.251788
-0.147668
-0.052258
0.042871
0.136519
0.214038
0.267470
0.304467
0.324619
0.335015
0.335143
0.329958
0.320060
0.309116
0.294787
0.276257
0.272847
0.274328
0.271187
0.275874
0.272796
0.259553
0.243781
0.224318
0.202263
0.171000
0.127695
0.081720
0.026716
-0.032795
-0.094159
-0.165075
-0.236795
-0.319141
-0.397451
-0.452902
-0.508569
-0.557558
-0.584415
-0.604286
-0.590455
-0.547545
-0.491916
-0.424512
-0.355499
-0.277112
-0.186044
-0.099318
-0.006768
0.073112
0.134782
0.196823
0.247548
0.287827
0.325769
0.343150
0.349586
0.351936
0.353775
0.349178
0.334466
0.326727
0.317302
0.298823
0.287712
0.272183
0.244177
0.212748
0.173452
0.133659
0.090800
0.044876
-0.006424
-0.068106
-0.133850
-0.200948
-0.277955
-0.357926
-0.421626
-0.480218
-0.537316
-0.576650
-0.596368
-0.599893
-0.577033
-0.525375
-0.462914
-0.393862
-0.313113
-0.224139
-0.131768
-0.040803
0.048222
0.119151
0.175994
0.226400
0.264993
0.289934
0.303714
0.305629
0.300457
0.292195
0.293484
0.290445
0.277636
0.276001
0.282553
0.275005
0.279015
0.284136
0.261711
0.232747
0.181740
0.125919
0.067097
0.013230
-0.040688
-0.097441
-0.168012
-0.234177
-0.312909
-0.394565
-0.457371
-0.507075
-0.553267
-0.581720
-0.594950
-0.587454
-0.550036
-0.489388
-0.403504
-0.311172
-0.229886
-0.150095
-0.083086
-0.013639
0.050738
0.096189
0.129763
0.145740
0.150874
0.151882
0.157489
0.170924
0.196044
0.240294
0.328987
0.410528
0.460232
0.472083
0.444281
0.417335
0.363877
0.331158
0.285694
0.214536
0.131207
0.047469
-0.033051
-0.086496
-0.138856
-0.185955
-0.244981
-0.316280
-0.388435
-0.473437
-0.532578
-0.556970
-0.572116
-0.563317
-0.532310
-0.493883
-0.431268
-0.351872
-0.260906
-0.177449
-0.112485
-0.070226
-0.050227
-0.053854
-0.055106
-0.057737
-0.054276
-0.041748
-0.028428
-0.006117
0.023281
0.061721
0.110135
0.169557
0.238838
0.345385
0.465059
0.542297
0.581375
0.545706
0.496961
0.425112
0.368755
0.325207
0.260740
0.190846
0.103060
0.008480
-0.084338
-0.164781
-0.242108
-0.313139
-0.392598
-0.476744
-0.559243
-0.611757
-0.630083
-0.620722
-0.571478
-0.500664
-0.419161
-0.332971
-0.259374
-0.193362
-0.135446
-0.095346
-0.065092
-0.061466
-0.071286
-0.078898
-0.099433
-0.094657
-0.075003
-0.045030
-0.005811
0.025707
0.056293
0.092409
0.140976
0.222492
0.352179
0.467971
0.554557
0.578336
0.537891
0.484075
0.396991
0.339714
0.286920
0.226336
0.159826
0.061440
-0.041760
-0.152266
-0.250026
-0.328400
-0.396595
-0.458929
-0.523983
-0.588003
-0.624310
-0.640606
-0.624170
-0.560610
-0.483934
-0.392636
-0.305399
-0.236361
-0.179110
-0.141666
-0.110965
-0.084555
-0.076612
-0.074951
-0.083853
-0.095321
-0.093456
-0.081362
-0.048082
-0.005070
0.033383
0.071261
0.113545
0.165688
0.252567
0.377005
0.485620
0.571427
0.587045
0.544889
0.470423
0.356853
0.284366
0.214216
0.162137
0.116763
0.037214
-0.052054
-0.167271
-0.275069
-0.367427
-0.443541
-0.490665
-0.536959
-0.569703
-0.589050
-0.606457
-0.596394
-0.548618
-0.482172
-0.394143
-0.302386
-0.228801
-0.171524
-0.147030
-0.135370
-0.130900
-0.131283
-0.118193
-0.112855
-0.097556
-0.080341
-0.061861
-0.034392
-0.003512
0.038606
0.086139
0.144309
0.215353
0.314058
0.426670
0.516015
0.579664
0.576752
0.535771
0.453502
0.355933
0.275069
0.190131
0.138907
0.080175
0.007267
-0.080979
-0.194179
-0.300317
-0.403555
-0.477434
-0.532936
-0.567238
-0.576063
-0.588540
-0.594312
-0.574504
-0.536882
-0.480410
-0.389840
-0.291543
-0.188841
-0.112791
-0.061810
-0.039794
-0.039347
-0.041301
-0.033536
-0.021429
-0.000192
0.018479
0.032144
0.034685
0.037980
0.048082
0.076893
0.122024
0.200501
0.301313
0.387490
0.456401
0.485160
0.477894
0.439403
0.361961
0.301402
0.237357
0.196146
0.177117
0.141334
0.091017
-0.004214
-0.127350
-0.273128
-0.426888
-0.586011
-0.717115
-0.795093
-0.820814
-0.798273
-0.763831
-0.688190
-0.605065
-0.493589
-0.348271
-0.191804
-0.057098
0.047775
0.093150
0.103162
0.086113
0.076727
0.084696
0.100697
0.126890
0.133467
0.114298
0.079485
0.037801
0.008084
0.004968
0.040202
0.114158
0.194192
0.275631
0.336356
0.383122
0.411116
0.419698
0.425393
0.423427
0.417693
0.406416
0.368078
0.301262
0.189007
0.039883
-0.128167
-0.302168
-0.455417
-0.624425
-0.784392
-0.887707
-0.942583
-0.911639
-0.854567
-0.745441
-0.629904
-0.512362
-0.370773
-0.237600
-0.110135
-0.009042
0.064173
0.102064
0.125856
0.141768
0.169417
0.197946
0.216209
0.220729
0.185508
0.132164
0.070699
0.019756
0.023754
0.074811
0.157553
0.243985
0.296141
0.333061
0.340187
0.352702
0.381334
0.401027
0.427807
0.418816
0.377682
0.297507
0.178829
0.055425
-0.080085
-0.214433
-0.339293
-0.479171
-0.650886
-0.804416
-0.918650
-0.961126
-0.913031
-0.819626
-0.671064
-0.532093
-0.400018
-0.276576
-0.174384
-0.069281
0.020267
0.097492
0.159417
0.195048
0.220091
0.229592
0.227983
0.230831
0.213897
0.189914
0.164857
0.137771
0.140555
0.162010
0.209785
0.265261
0.306230
0.336241
0.338859
0.343827
0.360173
0.373072
0.393888
0.392432
0.358743
0.290458
0.184767
0.067442
-0.049614
-0.160222
-0.270025
-0.389840
-0.532399
-0.707346
-0.859956
-0.960436
-0.959389
-0.870709
-0.731559
-0.550291
-0.410464
-0.298235
-0.215200
-0.146697
-0.063279
0.028159
0.123506
0.197627
0.245160
0.257433
0.240001
0.214983
0.202455
0.204689
0.219312
0.248685
0.267917
0.276767
0.276589
0.279871
0.288683
0.296920
0.320763
0.337211
0.357198
0.366444
0.354950
0.335168
0.289091
0.238072
0.171664
0.089408
0.000766
-0.108832
-0.224918
-0.351527
-0.482019
-0.627133
-0.770804
-0.869138
-0.920247
-0.883161
-0.799895
-0.665100
-0.513614
-0.386953
-0.261111
-0.180642
-0.103251
-0.032246
0.038133
0.121028
0.180259
0.234266
0.253972
0.255709
0.257330
0.264814
0.299078
0.343610
0.386672
0.409187
0.408115
0.374464
0.333431
0.293165
0.262464
0.251788
0.240281
0.235237
0.215442
0.188624
0.157655
0.112881
0.063841
0.004840
-0.059269
-0.130875
-0.206567
-0.294710
-0.392266
-0.504253
-0.635025
-0.745364
-0.825207
-0.833444
-0.785618
-0.684869
-0.540649
-0.418229
-0.300112
-0.215864
-0.158370
-0.097134
-0.040100
0.039819
0.116865
0.195916
0.261072
0.301198
0.345397
0.386698
0.429940
0.473718
0.501801
0.510612
0.492478
0.455647
0.400478
0.322180
0.245019
0.174257
0.123289
0.096291
0.084747
0.066242
0.038287
-0.004725
-0.054199
-0.108411
-0.153543
-0.190080
-0.227970
-0.272566
-0.331145
-0.418050
-0.527189
-0.633365
-0.714842
-0.745837
-0.730754
-0.666186
-0.563688
-0.465021
-0.370862
-0.297405
-0.241839
-0.181421
-0.120722
-0.032693
0.067072
0.170681
0.273345
0.356010
0.425904
0.478481
0.517726
0.492797
0.453757
0.406288
0.340391
0.258199
0.168229
0.081567
0.014342
-0.021659
-0.020804
0.007624
0.060176
0.118934
0.174640
0.217805
0.248927
0.276563
0.294429
0.308822
0.306843
0.275605
0.215851
0.104912
-0.035005
-0.182954
-0.315846
-0.397706
-0.434729
-0.419787
-0.375894
-0.324492
-0.262617
-0.207959
-0.145931
-0.072448
0.017739
0.130313
0.241112
0.346368
0.431804
0.483245
0.512183
0.520408
0.517292
0.503142
0.476744
0.429454
0.358551
0.270050
0.171383
0.083074
0.014456
-0.018186
-0.017828
0.006309
0.052756
0.096981
0.143888
0.183043
0.219797
0.257126
0.284149
0.306728
0.303114
0.265619
0.192021
0.074773
-0.059205
-0.194115
-0.306421
-0.380772
-0.416530
-0.405777
-0.377669
-0.336892
-0.280203
-0.220717
-0.144488
-0.052679
0.052577
0.163861
0.268696
0.357427
0.424270
0.475889
0.515721
0.538338
0.548107
0.545477
0.513537
0.451982
0.369011
0.273294
0.181740
0.100889
0.050240
0.020931
0.008224
0.015619
0.027393
0.058745
0.099522
0.148192
0.205979
0.253193
0.291173
0.302347
0.286167
0.242619
0.159111
0.054850
-0.058235
-0.165483
-0.261992
-0.333304
-0.372305
-0.385574
-0.366150
-0.331158
-0.274367
